1\1\GINC-BS001\Freq\RMP2-FC\3-21G\C3H6O1\PNATT\18-Aug-2026\0\\#N Geom=AllCheck G
uess=TCheck SCRF=Check GenChk RMP2(FC)/3-21G Freq\\Acetone (CH3)2CO - size2to5_C
2v\\0,1\C,-0.1984593364,1.8288219159,1.1804968572\C,0.0036344351,0.6204392343,2.
0992431206\O,-0.5600405562,0.5185373763,3.2122816981\C,0.9480684608,-0.453742263
5,1.5521564957\H,0.7622179204,2.3208599064,0.9894315012\H,-0.8843244141,2.529849
4749,1.6614923593\H,-0.6123723086,1.5048939505,0.2185951622\H,0.5660510166,-0.84
11694216,0.6005940881\H,1.9406412456,-0.0252034658,1.3714304271\H,1.0220186842,-
1.2653925423,2.2794545129\\Version=ES64L-G16RevC.01\State=1-A1\HF=-190.8836085\M
P2=-191.2844686\RMSD=3.516e-10\RMSF=8.771e-05\ZeroPoint=0.0856941\Thermal=0.0908
655\ETot=-191.1936032\HTot=-191.192659\GTot=-191.2256808\Dipole=0.4435965,0.0801
939,-0.8759304\DipoleDeriv=-0.0068243,0.0915152,-0.0104171,0.0824798,-0.2813823,
0.1948715,-0.0008527,0.1787592,-0.1460462,0.3561373,-0.364722,-0.1667966,-0.3647
22,0.8178569,-0.1665512,-0.1667966,-0.1665512,0.5198419,-0.3350394,0.1180342,0.0
878094,0.1180342,-0.4723217,0.061128,0.0878094,0.061128,-0.4370247,-0.1324566,0.
1961813,0.1028221,0.2052167,-0.2361663,-0.0718617,0.0932578,-0.0557494,-0.065630
1,-0.0625048,-0.068559,0.0249099,-0.0297194,0.0595165,0.0262888,0.0199572,0.0125
819,0.0815277,0.0169823,0.0851322,0.0338761,0.0656207,-0.0082839,-0.0166697,0.05
45298,-0.0514634,0.0437505,0.0752788,-0.0044777,-0.0476915,-0.0359068,0.045332,-
0.0661431,-0.0505831,-0.0392215,-0.0420714,0.0538691,-0.0218712,-0.0657163,0.010
962,0.0715079,-0.0288822,-0.0542018,-0.0514724,-0.0468376,-0.0389674,-0.0456806,
0.0333346,-0.0859243,0.0325749,0.0064871,0.0296643,0.0158628,0.084932,0.073525,0
.0144477,0.0078694,0.0339591,-0.028634,0.0613323,-0.0127843,0.096126,0.007558\Po
lar=28.0467479,-2.6880868,30.4714256,-3.9548092,-1.8098035,33.2014774\PG=C02V [C
2(C1O1),SGV(C2H2),X(H4)]\NImag=0\\0.57734278,-0.00829589,0.49606732,-0.03556645,
0.07450215,0.53703322,-0.09801785,0.01691058,-0.00842547,0.40292679,0.01697047,-
0.14159952,0.02149523,-0.06483050,0.41737224,-0.00848886,0.02160203,-0.10043344,
-0.21805123,-0.06985608,0.70494993,0.01869822,0.00170105,0.00923778,-0.18039617,
-0.00464755,0.21103372,0.16966591,-0.01159557,0.00590766,0.04076963,-0.00464755,
-0.09799962,0.04341784,-0.00201142,0.07897889,0.02331287,0.01705849,-0.03474148,
0.21103372,0.04341784,-0.48709715,-0.26066069,-0.05641057,0.54683496,0.00809212,
0.00878364,0.00757624,-0.11185952,0.02943776,0.00299702,-0.00310650,0.02143506,0
.02723158,0.50917203,0.02414996,-0.01565699,-0.00790919,0.02949765,-0.13661779,-
0.00611720,0.00813844,0.01375536,-0.00272811,0.05340095,0.52060253,-0.00868972,0
.01949274,0.01241666,0.00293363,-0.00601040,-0.09157350,0.04130667,-0.02643925,-
0.02078446,0.02068973,-0.06149011,0.58066875,-0.25547885,-0.10223461,0.03989874,
0.00644454,0.00469202,0.00028221,-0.00038338,-0.00078412,-0.00166572,-0.00094197
,-0.00038309,-0.00006175,0.28073631,-0.10541220,-0.10594344,0.01844371,-0.027752
51,-0.01079990,0.00490176,0.00228810,-0.00209991,0.00264188,0.00202807,0.0009117
7,-0.00028125,0.11561104,0.11143707,0.04234958,0.02122841,-0.05336745,0.02249142
,0.00949834,-0.00595672,-0.00258592,0.00287092,-0.00388103,-0.00119633,-0.001428
09,-0.00014341,-0.04404456,-0.02417539,0.06010280,-0.16120793,0.10927410,0.07517
467,-0.00527015,0.00286402,0.00361834,0.00020361,-0.00207943,-0.00035897,0.00102
226,0.00124917,-0.00080343,-0.01802008,0.02169220,0.01332786,0.17294330,0.107008
56,-0.16179227,-0.07691628,0.02221716,-0.02339254,-0.01648773,-0.00284885,0.0057
7981,-0.00234218,0.00021776,-0.00380480,0.00502935,-0.01141014,0.01192049,0.0081
6554,-0.12228366,0.17797819,0.07757285,-0.08095629,-0.10682141,-0.01686785,0.018
02366,0.00945966,0.00045550,-0.00371426,0.00188739,0.00028836,0.00319010,-0.0025
7785,0.00204721,-0.00355950,-0.00301454,-0.08442978,0.08577583,0.11277008,-0.087
60103,-0.02835652,-0.08908634,-0.00123719,-0.00235671,-0.00210932,-0.00055341,-0
.00071877,0.00064750,-0.00039422,0.00042192,0.00034114,-0.01283539,-0.00956615,-
0.02976410,0.00970163,0.00641162,0.02126820,0.09285791,-0.02548310,-0.07379739,-
0.06918360,0.01206789,0.01136039,0.02836953,-0.00211012,-0.00461201,0.00160521,-
0.00139795,-0.00083708,-0.00214564,-0.00600129,-0.00499635,-0.01597731,-0.010816
75,-0.00656620,-0.01960801,0.03350526,0.08016249,-0.09121521,-0.07251071,-0.2533
9133,-0.00524360,-0.00836101,-0.02043529,-0.00021158,0.00437358,-0.00119889,0.00
084981,0.00005561,0.00105770,0.00364801,0.00185726,0.00598057,-0.00681579,-0.003
02587,-0.01224956,0.09867840,0.07704398,0.27925578,-0.00099017,-0.00131586,-0.00
146669,0.00940033,0.00857006,0.02362258,-0.00504852,0.00151996,0.00080700,-0.079
20070,-0.03039880,-0.08164569,-0.00000998,-0.00029010,0.00004063,-0.00005571,-0.
00039538,0.00004754,0.00001726,0.00091238,-0.00035570,0.08917653,0.00083965,0.00
052988,0.00179423,-0.01075281,-0.00712220,-0.02339140,0.00298896,-0.00140420,0.0
0003965,-0.03412076,-0.08582981,-0.08137561,0.00001880,0.00015675,-0.00034882,0.
00012602,0.00046039,0.00024441,0.00064640,-0.00113874,0.00069056,0.03505762,0.08
857251,0.00008597,0.00062838,0.00028669,-0.00332609,-0.00177146,-0.01259022,0.00
214296,-0.00248919,0.00008841,-0.08472821,-0.08066618,-0.24975923,-0.00003014,0.
00024834,-0.00004680,0.00027247,0.00017355,0.00018744,0.00007068,-0.00007207,0.0
0075827,0.09078807,0.09087987,0.27452714,0.00126659,0.00048651,-0.00021059,-0.01
857807,-0.01123569,0.00549618,-0.00100933,0.00329274,0.00062152,-0.26900180,-0.0
9586037,0.03700737,0.00024629,0.00112698,-0.00050607,0.00052120,0.00009922,0.000
12946,-0.00002743,-0.00024232,0.00025145,-0.01165247,-0.00516801,0.00284615,0.29
429617,-0.00226029,-0.00103558,0.00005026,0.02610712,0.01285999,-0.00416776,0.00
014288,-0.00346461,-0.00301103,-0.09183424,-0.09206734,0.01987433,0.00060915,-0.
00111417,0.00050417,-0.00036296,0.00026044,-0.00017321,-0.00000459,0.00017737,-0
.00023098,-0.01254059,-0.00542209,0.00325286,0.10511831,0.09947171,-0.00113735,0
.00016170,-0.00040461,0.01336991,0.00634627,-0.00459401,0.00106484,-0.00347960,-
0.00189038,0.03976791,0.01970730,-0.05372060,-0.00010275,-0.00013092,0.00050467,
-0.00015815,0.00000325,-0.00018952,-0.00025641,0.00014663,-0.00004998,-0.0309145
8,-0.01265336,0.00522339,-0.04430620,-0.01830491,0.05850830,-0.00210387,0.003047
01,0.00286811,-0.00341271,0.02053612,-0.01840065,0.00192957,-0.00441090,-0.00096
881,-0.05378170,0.00978416,-0.01107794,0.00024252,0.00027459,-0.00011252,0.00016
187,0.00098371,-0.00051149,0.00007187,-0.00043401,0.00041420,-0.00163657,0.01036
414,-0.00812186,0.00393886,-0.02497479,0.02267277,0.05459015,0.00407842,-0.00267
969,-0.00304614,0.00118298,-0.02406105,0.02172901,-0.00364148,0.00515862,-0.0002
7118,0.01204970,-0.20045585,0.13334585,-0.00011776,0.00052769,-0.00033778,0.0003
3729,-0.00084350,0.00077727,0.00001756,0.00024752,0.00010758,-0.00111931,0.01119
753,-0.01018409,0.00238262,-0.00966573,0.00820365,-0.01517002,0.22057446,0.00177
632,-0.00120689,-0.00057684,0.00208555,-0.01278238,0.00827074,-0.00178328,0.0011
0090,0.00078262,-0.01347612,0.13738586,-0.17558406,0.00002875,0.00005411,-0.0001
7809,0.00017278,-0.00037546,0.00054831,0.00021025,-0.00017871,0.00027273,-0.0009
2316,0.02412048,-0.01867509,-0.00132927,0.00220626,-0.00338726,0.01323817,-0.150
32417,0.18852696\\-0.00001014,-0.00008556,0.00010865,0.00016930,0.00003061,-0.00
033431,-0.00009786,-0.00001769,0.00019323,-0.00008725,0.00006796,0.00008366,0.00
002913,0.00000330,-0.00000583,-0.00000187,-0.00000442,0.00000801,-0.00000425,-0.
00001651,-0.00002455,-0.00001241,-0.00000028,-0.00002719,0.00002097,0.00001954,-
0.00000847,-0.00000563,0.00000307,0.00000679\\\@
