4 0 AlBr3
 1 4 1.0
 2 4 1.0
 3 4 1.0
 4
      1         35           0        0.000000    2.319348    0.000000
      2         35           0        2.008614   -1.159674    0.000000
      3         35           0       -2.008614   -1.159674    0.000000
      4         13           0        0.000000    0.000000    0.000000
                                1         2         3         4         5
                               E'        E'       A2"       A1'        E'
        Frequencies ---   99.1618   99.1618  167.8255  217.0896  491.8260
     Reduced masses ---   69.7608   69.7608   28.9293   78.9183   30.3917
    Force constants ---    0.4042    0.4042    0.4801    2.1913    4.3314
     IR Intensities ---    0.0000    0.0000    0.0000    0.0000    0.0000
 Coord Atom Element:
   1     1    35  -0.28062   0.49574   0.00000   0.00000  -0.00720
   2     1    35  -0.41245  -0.23347  -0.00000   0.57735   0.16202
   3     1    35   0.00000   0.00000   0.11181   0.00000   0.00000
   1     2    35   0.49820   0.03720   0.00000   0.50000  -0.16704
   2     2    35   0.04609   0.54535  -0.00000  -0.28868   0.10113
   3     2    35   0.00000   0.00000   0.11181   0.00000   0.00000
   1     3    35  -0.28831  -0.40801   0.00000  -0.50000  -0.03439
   2     3    35   0.49130  -0.24116  -0.00000  -0.28868  -0.00685
   3     3    35   0.00000   0.00000   0.11181   0.00000   0.00000
   1     4    13   0.20685  -0.36542  -0.00000  -0.00000   0.61023
   2     4    13  -0.36542  -0.20685   0.00000   0.00000  -0.74964
   3     4    13  -0.00000  -0.00000  -0.98107  -0.00000  -0.00000
                                6
                               E'
        Frequencies ---  491.8260
     Reduced masses ---   30.3917
    Force constants ---    4.3314
     IR Intensities ---    0.0000
 Coord Atom Element:
   1     1    35   0.00885
   2     1    35   0.13189
   3     1    35   0.00000
   1     2    35   0.06974
   2     2    35  -0.02795
   3     2    35   0.00000
   1     3    35   0.17771
   2     3    35   0.10470
   3     3    35   0.00000
   1     4    13  -0.74964
   2     4    13  -0.61023
   3     4    13  -0.00000
