MOLECULE_DATA
NATOMS 4
ATOMS Al Cl Cl Cl
COORDINATES (Angstrom)
0.000000 0.000000 0.000000
0.000000 2.179193 0.000000
-1.887236 -1.089596 0.000000
1.887236 -1.089596 0.000000
BONDS (AtomIndex1 AtomIndex2) [1-based]
1 2
1 3
1 4
NUM_MODES 6
MODE 1
FREQ 139.737100
VECTOR
-0.19609 0.33914 -0.00000
0.31150 0.36429 0.00000
0.31093 -0.53908 0.00000
-0.47113 -0.08689 0.00000
MODE 2
FREQ 139.737100
VECTOR
-0.33914 -0.19609 0.00000
0.53874 -0.21064 -0.00000
-0.36463 -0.21006 -0.00000
0.08756 0.57199 -0.00000
MODE 3
FREQ 189.561400
VECTOR
0.00000 0.00000 0.91346
-0.00000 -0.00000 -0.23494
-0.00000 -0.00000 -0.23494
-0.00000 -0.00000 -0.23494
MODE 4
FREQ 351.203700
VECTOR
0.00000 0.00000 -0.00000
-0.00000 0.57735 0.00000
-0.50000 -0.28868 0.00000
0.50000 -0.28868 0.00000
MODE 5
FREQ 586.240600
VECTOR
0.51572 0.67904 -0.00000
-0.00739 -0.33956 0.00000
-0.33809 -0.20066 0.00000
-0.05245 0.01628 0.00000
MODE 6
FREQ 586.240600
VECTOR
0.67904 -0.51572 0.00000
-0.00973 0.25789 -0.00000
-0.14863 -0.07280 -0.00000
-0.36557 0.21284 -0.00000
END_MOLECULE_DATA
