MOLECULE_DATA
NATOMS 4
ATOMS Al F F F
COORDINATES (Angstrom)
0.000000 0.000000 0.000000
0.000000 1.643914 0.000000
1.423671 -0.821957 0.000000
-1.423671 -0.821957 0.000000
BONDS (AtomIndex1 AtomIndex2) [1-based]
1 2
1 3
1 4
NUM_MODES 6
MODE 1
FREQ 277.017800
VECTOR
-0.00000 0.00000 0.77329
0.00000 0.00000 -0.36607
-0.00000 0.00000 -0.36607
-0.00000 -0.00000 -0.36607
MODE 2
FREQ 278.406200
VECTOR
-0.31266 0.11484 -0.00000
0.63711 0.12528 0.00000
-0.25212 0.27938 0.00000
0.05905 -0.56776 0.00000
MODE 3
FREQ 278.406200
VECTOR
0.11484 0.31266 0.00000
-0.23402 0.34108 -0.00000
-0.38811 -0.54814 -0.00000
0.45903 -0.23698 -0.00000
MODE 4
FREQ 724.582600
VECTOR
0.00000 0.00000 0.00000
-0.00000 0.57735 -0.00000
0.50000 -0.28868 -0.00000
-0.50000 -0.28868 -0.00000
MODE 5
FREQ 1038.750200
VECTOR
0.17698 0.63988 0.00000
-0.00487 -0.58823 -0.00000
0.12385 -0.09192 -0.00000
-0.37033 -0.22860 -0.00000
MODE 6
FREQ 1038.750200
VECTOR
0.63988 -0.17698 -0.00000
-0.01760 0.16270 0.00000
-0.51392 0.29142 0.00000
-0.37723 -0.20276 0.00000
END_MOLECULE_DATA
