4 0 AlH3
 1 2 1.0 3 1.0 4 1.0
 2
 3
 4
      1         13           0        0.000000    0.000000    0.000000
      2          1           0        0.000000    1.609856    0.000000
      3          1           0        1.394176   -0.804928    0.000000
      4          1           0       -1.394176   -0.804928    0.000000
                                1         2         3         4         5
                              A2"        E'        E'       A1'        E'
        Frequencies ---  713.1189  779.9814  779.9814 1922.5298 1935.7605
     Reduced masses ---    1.1161    1.0592    1.0592    1.0078    1.0592
    Force constants ---    0.3344    0.3797    0.3797    2.1947    2.3384
     IR Intensities ---    0.0000    0.0000    0.0000    0.0000    0.0000
 Coord Atom Element:
   1     1    13   0.00000   0.01687   0.04117   0.00000   0.00989
   2     1    13  -0.00000   0.04117  -0.01687   0.00000   0.04334
   3     1    13   0.06456  -0.00000  -0.00000  -0.00000   0.00000
   1     2     1  -0.00000  -0.30919  -0.75451   0.00000   0.00489
   2     2     1   0.00000   0.01973  -0.00808   0.57735  -0.79496
   3     2     1  -0.57615   0.00000   0.00000   0.00000  -0.00000
   1     3     1  -0.00000  -0.40649  -0.03645   0.50000   0.21869
   2     3     1  -0.00000  -0.69834  -0.10538  -0.28868  -0.10201
   3     3     1  -0.57615   0.00000   0.00000   0.00000  -0.00000
   1     4     1  -0.00000   0.26402  -0.31122  -0.50000  -0.48833
   2     4     1   0.00000  -0.42357   0.56513  -0.28868  -0.26333
   3     4     1  -0.57615   0.00000   0.00000   0.00000  -0.00000
                                6
                               E'
        Frequencies --- 1935.7605
     Reduced masses ---    1.0592
    Force constants ---    2.3384
     IR Intensities ---    0.0000
 Coord Atom Element:
   1     1    13   0.04334
   2     1    13  -0.00989
   3     1    13  -0.00000
   1     2     1   0.02142
   2     2     1   0.18139
   3     2     1   0.00000
   1     3     1  -0.67153
   2     3     1   0.39519
   3     3     1   0.00000
   1     4     1  -0.51020
   2     4     1  -0.31182
   3     4     1   0.00000
