MOLECULE_DATA
NATOMS 4
ATOMS As Br Br Br
COORDINATES (Angstrom)
0.000000 0.000000 0.844180
0.000000 2.182409 -0.265314
-1.890021 -1.091204 -0.265314
1.890021 -1.091204 -0.265314
BONDS (AtomIndex1 AtomIndex2) [1-based]
1 2
1 3
1 4
NUM_MODES 6
MODE 1
FREQ 87.927800
VECTOR
-0.15881 0.27963 0.00000
0.31304 0.37422 0.08997
0.31958 -0.54742 -0.00073
-0.48185 -0.09226 -0.08924
MODE 2
FREQ 87.927800
VECTOR
-0.27963 -0.15881 -0.00000
0.55119 -0.21253 -0.05110
-0.37044 -0.21906 0.10347
0.08472 0.58236 -0.05237
MODE 3
FREQ 117.087500
VECTOR
-0.00000 -0.00000 0.53387
0.00000 -0.45802 -0.16894
0.39666 0.22901 -0.16894
-0.39666 0.22901 -0.16894
MODE 4
FREQ 249.107700
VECTOR
0.00000 -0.00000 0.70573
-0.00000 0.34269 -0.22333
-0.29678 -0.17134 -0.22333
0.29678 -0.17134 -0.22333
MODE 5
FREQ 257.558600
VECTOR
0.25936 0.72273 0.00000
-0.00866 -0.43327 0.23254
-0.29594 -0.19000 -0.18854
0.05838 -0.06285 -0.04400
MODE 6
FREQ 257.558600
VECTOR
0.72273 -0.25936 -0.00000
-0.02414 0.15549 -0.08345
-0.26742 -0.13179 -0.15966
-0.39457 0.22253 0.24311
END_MOLECULE_DATA
