4 0 AsBr3
 1 2 1.0 3 1.0 4 1.0
 2
 3
 4
      1         33           0        0.000000    0.000000    0.844180
      2         35           0        0.000000    2.182409   -0.265314
      3         35           0       -1.890021   -1.091204   -0.265314
      4         35           0        1.890021   -1.091204   -0.265314
                                1         2         3         4         5
                                E         E        A1        A1         E
        Frequencies ---   87.9277   87.9277  117.0875  249.1076  257.5585
     Reduced masses ---   78.5050   78.5050   77.7792   76.9277   76.5619
    Force constants ---    0.3576    0.3576    0.6283    2.8126    2.9924
     IR Intensities ---    0.0000    0.0000    0.0000    0.0000    0.0000
 Coord Atom Element:
   1     1    33   0.17599  -0.26915   0.00000  -0.00000   0.76381
   2     1    33  -0.26915  -0.17599  -0.00000   0.00000  -0.07874
   3     1    33  -0.00000   0.00000   0.53387   0.70573   0.00000
   1     2    35  -0.34691   0.53053  -0.00000   0.00000  -0.02552
   2     2    35  -0.36019  -0.23553  -0.45802   0.34269   0.04721
   3     2    35  -0.08660  -0.05663  -0.16894  -0.22333  -0.02534
   1     3    35  -0.29578  -0.38971   0.39666  -0.29678  -0.33050
   2     3    35   0.56005  -0.18439   0.22901  -0.17134  -0.17345
   3     3    35  -0.00574   0.10331  -0.16894  -0.22333  -0.20017
   1     4    35   0.47561   0.11470  -0.39666   0.29678  -0.36911
   2     4    35   0.05565   0.58700   0.22901  -0.17134   0.20100
   3     4    35   0.09234  -0.04668  -0.16894  -0.22333   0.22550
                                6
                                E
        Frequencies ---  257.5585
     Reduced masses ---   76.5619
    Force constants ---    2.9924
     IR Intensities ---    0.0000
 Coord Atom Element:
   1     1    33   0.07874
   2     1    33   0.76381
   3     1    33  -0.00000
   1     2    35  -0.00263
   2     2    35  -0.45790
   3     2    35   0.24576
   1     3    35  -0.22329
   2     3    35  -0.15291
   3     3    35  -0.14482
   1     4    35   0.15117
   2     4    35  -0.11431
   3     4    35  -0.10094
