4 0 AsCl3
 1 2 1.0 3 1.0 4 1.0
 2
 3
 4
      1         33           0        0.000000    0.000000    0.629244
      2         17           0        0.000000    1.920770   -0.407158
      3         17           0       -1.663435   -0.960385   -0.407158
      4         17           0        1.663435   -0.960385   -0.407158
                                1         2         3         4         5
                                E         E        A1         E         E
        Frequencies ---  154.8677  154.8677  199.0279  406.6193  406.6193
     Reduced masses ---   37.1042   37.1042   41.7281   43.3214   43.3214
    Force constants ---    0.5243    0.5243    0.9739    4.2202    4.2202
     IR Intensities ---    0.0000    0.0000    0.0000    0.0000    0.0000
 Coord Atom Element:
   1     1    33   0.00565  -0.23112  -0.00000  -0.06999   0.45184
   2     1    33  -0.23112  -0.00565   0.00000   0.45184   0.06999
   3     1    33  -0.00000  -0.00000   0.41131  -0.00000  -0.00000
   1     2    17  -0.01679   0.68681   0.00000   0.00282  -0.01822
   2     2    17  -0.35669  -0.00872  -0.43664  -0.62716  -0.09715
   3     2    17  -0.17812  -0.00435  -0.29375   0.34824   0.05394
   1     3    17  -0.44951  -0.10686   0.37814  -0.19011  -0.51578
   2     3    17   0.43698  -0.44144   0.21832  -0.12961  -0.29008
   3     3    17   0.08529   0.15643  -0.29375  -0.12740  -0.32855
   1     4    17   0.45419  -0.08477  -0.37814   0.33725  -0.43408
   2     4    17   0.41489   0.46226   0.21832  -0.21131   0.23727
   3     4    17   0.09283  -0.15208  -0.29375  -0.22084   0.27461
                                6
                               A1
        Frequencies ---  426.5822
     Reduced masses ---   41.0966
    Force constants ---    4.4062
     IR Intensities ---    0.0000
 Coord Atom Element:
   1     1    33   0.00000
   2     1    33   0.00000
   3     1    33   0.39163
   1     2    17  -0.00000
   2     2    17   0.45164
   3     2    17  -0.27969
   1     3    17  -0.39113
   2     3    17  -0.22582
   3     3    17  -0.27969
   1     4    17   0.39113
   2     4    17  -0.22582
   3     4    17  -0.27969
