4 0 AsCl3-MP2-cc
 1 2 1.0 3 1.0 4 1.0
 2
 3
 4
      1         33           0        0.000000    0.000000    0.629244
      2         17           0        0.000000    1.920770   -0.407158
      3         17           0       -1.663435   -0.960385   -0.407158
      4         17           0        1.663435   -0.960385   -0.407158
                                1         2         3         4         5
                                E         E        A1         E         E
        Frequencies ---  154.8677  154.8677  199.0279  406.6193  406.6193
     Reduced masses ---   37.1042   37.1042   41.7281   43.3214   43.3214
    Force constants ---    0.5243    0.5243    0.9739    4.2202    4.2202
     IR Intensities ---    0.0000    0.0000    0.0000    0.0000    0.0000
 Coord Atom Element:
   1     1    33  -0.03272  -0.22886   0.00000  -0.07263   0.45143
   2     1    33   0.22886  -0.03272  -0.00000   0.45143   0.07263
   3     1    33   0.00000  -0.00000   0.41131  -0.00000  -0.00000
   1     2    17   0.09725   0.68009   0.00000   0.00293  -0.01821
   2     2    17   0.35321  -0.05050  -0.43664  -0.62659  -0.10081
   3     2    17   0.17638  -0.02522  -0.29375   0.34792   0.05598
   1     3    17   0.43386  -0.15886   0.37814  -0.18709  -0.51688
   2     3    17  -0.48575  -0.38712   0.21832  -0.12792  -0.29084
   3     3    17  -0.06635   0.16536  -0.29375  -0.12548  -0.32929
   1     4    17  -0.46100  -0.03090  -0.37814   0.33978  -0.43211
   2     4    17  -0.35779   0.50774   0.21832  -0.21269   0.23604
   3     4    17  -0.11003  -0.14014  -0.29375  -0.22244   0.27332
                                6
                               A1
        Frequencies ---  426.5822
     Reduced masses ---   41.0966
    Force constants ---    4.4062
     IR Intensities ---    0.0000
 Coord Atom Element:
   1     1    33   0.00000
   2     1    33   0.00000
   3     1    33   0.39163
   1     2    17  -0.00000
   2     2    17   0.45164
   3     2    17  -0.27969
   1     3    17  -0.39113
   2     3    17  -0.22582
   3     3    17  -0.27969
   1     4    17   0.39113
   2     4    17  -0.22582
   3     4    17  -0.27969
