MOLECULE_DATA
NATOMS 4
ATOMS As F F F
COORDINATES (Angstrom)
0.000000 0.000000 0.397246
0.000000 1.466253 -0.485523
-1.269812 -0.733126 -0.485523
1.269812 -0.733126 -0.485523
BONDS (AtomIndex1 AtomIndex2) [1-based]
1 2
1 3
1 4
NUM_MODES 6
MODE 1
FREQ 268.111600
VECTOR
-0.11799 0.09552 -0.00000
0.54910 0.19339 0.15119
0.23432 -0.62624 0.08615
-0.31811 0.05618 -0.23734
MODE 2
FREQ 268.111600
VECTOR
-0.09552 -0.11799 -0.00000
0.44451 -0.23889 -0.18676
-0.37512 0.07589 0.22431
0.30730 0.62832 -0.03755
MODE 3
FREQ 352.269400
VECTOR
-0.00000 -0.00000 0.27837
0.00000 -0.41666 -0.36592
0.36084 0.20833 -0.36592
-0.36084 0.20833 -0.36592
MODE 4
FREQ 790.652000
VECTOR
0.24549 0.08261 0.00000
-0.00693 -0.21487 0.13077
-0.57261 -0.32893 -0.40189
-0.38855 0.21800 0.27112
MODE 5
FREQ 790.652000
VECTOR
-0.08261 0.24549 0.00000
0.00233 -0.63847 0.38856
-0.11173 -0.07278 -0.08104
0.43520 -0.25684 -0.30753
MODE 6
FREQ 799.931100
VECTOR
-0.00000 -0.00000 0.23200
-0.00000 0.47158 -0.30497
-0.40840 -0.23579 -0.30497
0.40840 -0.23579 -0.30497
END_MOLECULE_DATA
