MOLECULE_DATA
NATOMS 4
ATOMS As H H H
COORDINATES (Angstrom)
0.000000 0.000000 0.067997
0.000000 1.302769 -0.747970
-1.128231 -0.651385 -0.747970
1.128231 -0.651385 -0.747970
BONDS (AtomIndex1 AtomIndex2) [1-based]
1 2
1 3
1 4
NUM_MODES 6
MODE 1
FREQ 934.006700
VECTOR
-0.00000 0.00000 0.02066
0.00000 -0.26687 -0.51183
0.23111 0.13343 -0.51183
-0.23111 0.13343 -0.51183
MODE 2
FREQ 986.178800
VECTOR
0.00000 0.01062 -0.00000
-0.00000 0.19502 0.32950
0.39669 -0.49207 -0.16475
-0.39669 -0.49207 -0.16475
MODE 3
FREQ 986.178800
VECTOR
-0.01062 0.00000 -0.00000
0.72110 0.00000 0.00000
0.03401 -0.39669 0.28536
0.03401 0.39669 -0.28536
MODE 4
FREQ 2082.298400
VECTOR
0.00000 0.01372 -0.00000
0.00000 -0.69633 0.42591
-0.30858 -0.16185 -0.21296
0.30858 -0.16185 -0.21296
MODE 5
FREQ 2082.298400
VECTOR
0.01372 -0.00000 0.00000
0.01631 0.00000 -0.00000
-0.51817 -0.30858 -0.36885
-0.51817 0.30858 0.36885
MODE 6
FREQ 2093.307500
VECTOR
-0.00000 0.00000 0.01044
-0.00000 0.51613 -0.25867
-0.44698 -0.25806 -0.25867
0.44698 -0.25806 -0.25867
END_MOLECULE_DATA
