12 0 B3N3H6
 1 4 1.0 5 1.0 7 1.0
 2 4 1.0 6 1.0 11 1.0
 3 5 1.0 6 1.0 9 1.0
 4 12 1.0
 5 8 1.0
 6 10 1.0
 7
 8
 9
 10
 11
 12
      1          7           0        0.000000    1.432623    0.000000
      2          7           0        1.240688   -0.716311   -0.000000
      3          7           0       -1.240688   -0.716311   -0.000000
      4          5           0        1.278272    0.738011   -0.000000
      5          5           0       -1.278272    0.738011   -0.000000
      6          5           0       -0.000000   -1.476021    0.000000
      7          1           0        0.000000    2.451621    0.000000
      8          1           0       -2.316761    1.337582    0.000000
      9          1           0       -2.123166   -1.225811   -0.000000
     10          1           0       -0.000000   -2.675165    0.000000
     11          1           0        2.123166   -1.225811   -0.000000
     12          1           0        2.316761    1.337582    0.000000
                                1         2         3         4         5
                               E"        E"       A2"        E'        E'
        Frequencies ---  300.5171  300.5171  456.9078  529.0380  529.0380
     Reduced masses ---    2.7557    2.7557    1.8743    6.5659    6.5659
    Force constants ---    0.1466    0.1466    0.2305    1.0827    1.0827
     IR Intensities ---    0.0000    0.0000    0.0000    0.0000    0.0000
 Coord Atom Element:
   1     1     7   0.00000  -0.00000  -0.00000   0.06372  -0.17250
   2     1     7  -0.00000   0.00000  -0.00000   0.34672   0.12807
   3     1     7   0.22569  -0.03181  -0.12212  -0.00000   0.00000
   1     2     7  -0.00000   0.00000   0.00000  -0.30495   0.13387
   2     2     7  -0.00000  -0.00000  -0.00000   0.04035  -0.24060
   3     2     7  -0.14040  -0.17955  -0.12212  -0.00000   0.00000
   1     3     7  -0.00000   0.00000   0.00000   0.14470   0.29996
   2     3     7   0.00000   0.00000   0.00000  -0.12574   0.20906
   3     3     7  -0.08529   0.21136  -0.12212  -0.00000   0.00000
   1     4     5  -0.00000   0.00000  -0.00000  -0.11895  -0.29777
   2     4     5   0.00000   0.00000  -0.00000   0.08368  -0.19803
   3     4     5  -0.08285   0.20530   0.09748   0.00000  -0.00000
   1     5     5  -0.00000   0.00000  -0.00000   0.28396  -0.14894
   2     5     5  -0.00000   0.00000   0.00000  -0.06515   0.20488
   3     5     5  -0.13637  -0.17440   0.09748   0.00000  -0.00000
   1     6     5   0.00000  -0.00000   0.00000  -0.04638   0.12557
   2     6     5   0.00000  -0.00000   0.00000  -0.33967  -0.12547
   3     6     5   0.21922  -0.03090   0.09748   0.00000  -0.00000
   1     7     1  -0.00000  -0.00000  -0.00000  -0.05534   0.14982
   2     7     1  -0.00000   0.00000  -0.00000   0.33897   0.12521
   3     7     1   0.33510  -0.04723   0.08220  -0.00000  -0.00000
   1     8     1   0.00000   0.00000  -0.00000   0.15920  -0.29463
   2     8     1   0.00000  -0.00000   0.00000  -0.27620  -0.05165
   3     8     1  -0.41376  -0.52914   0.54969   0.00000  -0.00000
   1     9     1   0.00000  -0.00000   0.00000  -0.02584   0.32194
   2     9     1   0.00000   0.00000   0.00000   0.16685   0.15471
   3     9     1  -0.12664   0.31382   0.08220  -0.00000   0.00000
   1    10     1  -0.00000   0.00000  -0.00000   0.08652  -0.23424
   2    10     1   0.00000  -0.00000   0.00000  -0.33660  -0.12433
   3    10     1   0.66513  -0.09376   0.54969   0.00000  -0.00000
   1    11     1   0.00000  -0.00000   0.00000  -0.18965   0.26143
   2    11     1   0.00000  -0.00000  -0.00000   0.22736  -0.00910
   3    11     1  -0.20846  -0.26659   0.08220  -0.00000  -0.00000
   1    12     1  -0.00000   0.00000   0.00000   0.07056  -0.32738
   2    12     1  -0.00000   0.00000   0.00000  -0.24346  -0.14030
   3    12     1  -0.25137   0.62289   0.54969   0.00000  -0.00000
                                6         7         8         9        10
                              A2"        E"        E"       A1'        E"
        Frequencies ---  753.6063  787.1530  787.1530  854.2276  938.7588
     Reduced masses ---    1.2941    1.1923    1.1923    7.2789    1.4674
    Force constants ---    0.4330    0.4353    0.4353    3.1294    0.7619
     IR Intensities ---    0.0000    0.0000    0.0000    0.0000    0.0000
 Coord Atom Element:
   1     1     7  -0.00000   0.00000  -0.00000   0.00000  -0.00000
   2     1     7  -0.00000  -0.00000  -0.00000   0.39507   0.00000
   3     1     7   0.02266   0.00856  -0.07335   0.00000  -0.07087
   1     2     7  -0.00000  -0.00000  -0.00000   0.34214   0.00000
   2     2     7   0.00000   0.00000   0.00000  -0.19753  -0.00000
   3     2     7   0.02266   0.05924   0.04409   0.00000   0.04092
   1     3     7   0.00000   0.00000   0.00000  -0.34214  -0.00000
   2     3     7   0.00000   0.00000   0.00000  -0.19753  -0.00000
   3     3     7   0.02266  -0.06781   0.02926  -0.00000   0.02995
   1     4     5   0.00000  -0.00000   0.00000   0.06824  -0.00000
   2     4     5   0.00000   0.00000  -0.00000   0.03940  -0.00000
   3     4     5  -0.09419   0.06626  -0.02859  -0.00000   0.06529
   1     5     5   0.00000   0.00000   0.00000  -0.06824   0.00000
   2     5     5  -0.00000  -0.00000   0.00000   0.03940  -0.00000
   3     5     5  -0.09419  -0.05789  -0.04309  -0.00000   0.08919
   1     6     5  -0.00000   0.00000  -0.00000   0.00000  -0.00000
   2     6     5  -0.00000   0.00000  -0.00000  -0.07879   0.00000
   3     6     5  -0.09419  -0.00837   0.07168   0.00000  -0.15448
   1     7     1  -0.00000  -0.00000  -0.00000   0.00000  -0.00000
   2     7     1  -0.00000  -0.00000  -0.00000   0.40165  -0.00000
   3     7     1   0.54279  -0.08760   0.75029   0.00000   0.34260
   1     8     1   0.00000   0.00000  -0.00000  -0.08540   0.00000
   2     8     1  -0.00000   0.00000  -0.00000   0.04930  -0.00000
   3     8     1   0.17126   0.23442   0.17447   0.00000  -0.41438
   1     9     1  -0.00000  -0.00000   0.00000  -0.34784  -0.00000
   2     9     1   0.00000   0.00000   0.00000  -0.20083   0.00000
   3     9     1   0.54279   0.69357  -0.29928   0.00000  -0.14480
   1    10     1  -0.00000   0.00000   0.00000   0.00000  -0.00000
   2    10     1  -0.00000   0.00000  -0.00000  -0.09861   0.00000
   3    10     1   0.17126   0.03389  -0.29025  -0.00000   0.71773
   1    11     1  -0.00000  -0.00000  -0.00000   0.34784   0.00000
   2    11     1   0.00000   0.00000  -0.00000  -0.20083   0.00000
   3    11     1   0.54279  -0.60597  -0.45101  -0.00000  -0.19780
   1    12     1   0.00000  -0.00000   0.00000   0.08540  -0.00000
   2    12     1   0.00000  -0.00000   0.00000   0.04930   0.00000
   3    12     1   0.17126  -0.26830   0.11578   0.00000  -0.30335
                               11        12        13        14        15
                               E"        E'        E'       A1'       A2"
        Frequencies ---  938.7588  947.5772  947.5773  957.6947  981.5231
     Reduced masses ---    1.4674    1.7356    1.7356    5.7517    1.4442
    Force constants ---    0.7619    0.9182    0.9182    3.1081    0.8197
     IR Intensities ---    0.0000    0.0000    0.0000    0.0000    0.0000
 Coord Atom Element:
   1     1     7  -0.00000  -0.01981   0.05632  -0.00000  -0.00000
   2     1     7   0.00000  -0.08623  -0.03033   0.06561   0.00000
   3     1     7   0.00633   0.00000   0.00000  -0.00000   0.06711
   1     2     7  -0.00000   0.07952  -0.02888   0.05682   0.00000
   2     2     7  -0.00000  -0.00103   0.06900  -0.03281  -0.00000
   3     2     7   0.05821  -0.00000   0.00000  -0.00000   0.06711
   1     3     7   0.00000  -0.04393  -0.07230  -0.05682  -0.00000
   2     3     7   0.00000   0.04240  -0.05445  -0.03281  -0.00000
   3     3     7  -0.06454  -0.00000  -0.00000  -0.00000   0.06711
   1     4     5   0.00000  -0.07820  -0.11084  -0.33821  -0.00000
   2     4     5   0.00000   0.08295  -0.08801  -0.19526  -0.00000
   3     4     5  -0.14068  -0.00000  -0.00000  -0.00000  -0.09323
   1     5     5  -0.00000   0.13037  -0.03747   0.33821   0.00000
   2     5     5  -0.00000   0.00958   0.12056  -0.19526  -0.00000
   3     5     5   0.12689  -0.00000   0.00000   0.00000  -0.09323
   1     6     5  -0.00000  -0.03745   0.10647  -0.00000  -0.00000
   2     6     5  -0.00000  -0.13436  -0.04726   0.39053   0.00000
   3     6     5   0.01380   0.00000   0.00000   0.00000  -0.09323
   1     7     1  -0.00000  -0.10362   0.29458  -0.00000  -0.00000
   2     7     1   0.00000  -0.09294  -0.03269   0.04280   0.00000
   3     7     1  -0.03060  -0.00000  -0.00000   0.00000  -0.35474
   1     8     1  -0.00000   0.32778   0.18070   0.36196   0.00000
   2     8     1  -0.00000   0.33782   0.51018  -0.20898  -0.00000
   3     8     1  -0.58952   0.00000  -0.00000  -0.00000   0.44079
   1     9     1   0.00000  -0.16919  -0.05509  -0.03706  -0.00000
   2     9     1   0.00000   0.25673  -0.09826  -0.02140  -0.00000
   3     9     1   0.31200   0.00000   0.00000   0.00000  -0.35474
   1    10     1  -0.00000  -0.23266   0.66139  -0.00000  -0.00000
   2    10     1  -0.00000  -0.14287  -0.05026   0.41795   0.00000
   3    10     1  -0.06410  -0.00000  -0.00000  -0.00000   0.44079
   1    11     1  -0.00000   0.16641   0.06297   0.03706   0.00000
   2    11     1  -0.00000   0.13867   0.23735  -0.02140  -0.00000
   3    11     1  -0.28140   0.00000  -0.00000   0.00000  -0.35474
   1    12     1   0.00000  -0.36872  -0.06431  -0.36196  -0.00000
   2    12     1   0.00000   0.58283  -0.18632  -0.20898   0.00000
   3    12     1   0.65362   0.00000   0.00000   0.00000   0.44079
                               16        17        18        19        20
                              A2'        E'        E'       A2'       A2'
        Frequencies --- 1062.1779 1102.7260 1102.7260 1201.0600 1376.4486
     Reduced masses ---    1.0460    1.3517    1.3517    9.6319    1.2147
    Force constants ---    0.6953    0.9684    0.9684    8.1864    1.3560
     IR Intensities ---    0.0000    0.0000    0.0000    0.0000    0.0000
 Coord Atom Element:
   1     1     7   0.01657  -0.00753  -0.11237   0.30100  -0.06766
   2     1     7  -0.00000   0.03771  -0.00253   0.00000   0.00000
   3     1     7   0.00000  -0.00000   0.00000  -0.00000  -0.00000
   1     2     7  -0.00829  -0.06498   0.00454  -0.15050   0.03383
   2     2     7  -0.01435  -0.07921  -0.05997  -0.26067   0.05860
   3     2     7  -0.00000  -0.00000  -0.00000   0.00000   0.00000
   1     3     7  -0.00829   0.06500  -0.00417  -0.15050   0.03383
   2     3     7   0.01435  -0.07050   0.07000   0.26067  -0.05860
   3     3     7  -0.00000  -0.00000   0.00000   0.00000   0.00000
   1     4     5   0.01512   0.02517   0.05177  -0.20598  -0.01538
   2     4     5  -0.02620   0.02972   0.01971   0.35676   0.02665
   3     4     5  -0.00000   0.00000   0.00000   0.00000  -0.00000
   1     5     5   0.01512  -0.01804   0.05467  -0.20598  -0.01538
   2     5     5   0.02620   0.02682  -0.02350  -0.35676  -0.02665
   3     5     5  -0.00000   0.00000  -0.00000   0.00000   0.00000
   1     6     5  -0.03025   0.00106   0.01580   0.41196   0.03077
   2     6     5  -0.00000   0.06569  -0.00440   0.00000   0.00000
   3     6     5   0.00000  -0.00000  -0.00000  -0.00000  -0.00000
   1     7     1   0.23882  -0.03659  -0.54613   0.27020   0.53800
   2     7     1  -0.00000   0.03935  -0.00264   0.00000   0.00000
   3     7     1  -0.00000   0.00000  -0.00000   0.00000   0.00000
   1     8     1  -0.26225   0.23529   0.18399  -0.00218   0.09794
   2     8     1  -0.45424   0.47004   0.19147  -0.00377   0.16963
   3     8     1   0.00000  -0.00000   0.00000  -0.00000  -0.00000
   1     9     1  -0.11941   0.24635  -0.12401  -0.13510  -0.26900
   2     9     1   0.20683  -0.38278   0.28031   0.23400   0.46592
   3     9     1  -0.00000   0.00000  -0.00000  -0.00000  -0.00000
   1    10     1   0.52451   0.03908   0.58332   0.00436  -0.19587
   2    10     1  -0.00000   0.07071  -0.00474   0.00000   0.00000
   3    10     1  -0.00000  -0.00000   0.00000   0.00000   0.00000
   1    11     1  -0.11941  -0.26069  -0.09003  -0.13510  -0.26900
   2    11     1  -0.20683  -0.41675  -0.22674  -0.23400  -0.46592
   3    11     1  -0.00000   0.00000   0.00000  -0.00000  -0.00000
   1    12     1  -0.26225  -0.20864   0.21374  -0.00218   0.09794
   2    12     1   0.45424   0.44030  -0.25246   0.00377  -0.16963
   3    12     1   0.00000  -0.00000  -0.00000   0.00000   0.00000
                               21        22        23        24        25
                               E'        E'        E'        E'        E'
        Frequencies --- 1425.8541 1425.8541 1501.2582 1501.2582 2677.8763
     Reduced masses ---    2.3625    2.3625    2.4088    2.4088    1.1002
    Force constants ---    2.8299    2.8299    3.1986    3.1986    4.6483
     IR Intensities ---    0.0000    0.0000    0.0000    0.0000    0.0000
 Coord Atom Element:
   1     1     7   0.00223  -0.00564  -0.16177   0.13698   0.00388
   2     1     7  -0.09564  -0.03785   0.03004   0.03548  -0.00046
   3     1     7   0.00000   0.00000  -0.00000  -0.00000   0.00000
   1     2     7   0.06792  -0.05772  -0.02075   0.11146   0.00147
   2     2     7  -0.04356   0.02784   0.05557   0.17650   0.00353
   3     2     7   0.00000  -0.00000   0.00000  -0.00000   0.00000
   1     3     7  -0.01003  -0.08856  -0.11336   0.00210  -0.00079
   2     3     7  -0.01272  -0.05011   0.16493   0.08389  -0.00055
   3     3     7  -0.00000  -0.00000  -0.00000   0.00000  -0.00000
   1     4     5  -0.13944  -0.00159   0.09523  -0.08959  -0.06776
   2     4     5   0.23410  -0.04744  -0.07406  -0.09804  -0.03916
   3     4     5  -0.00000  -0.00000   0.00000   0.00000   0.00000
   1     5     5   0.10277   0.09426   0.10406  -0.07916  -0.03425
   2     5     5   0.13825   0.19478  -0.08449  -0.08920   0.02156
   3     5     5  -0.00000  -0.00000   0.00000  -0.00000  -0.00000
   1     6     5  -0.10134   0.25610   0.09061  -0.07673   0.00158
   2     6     5  -0.02359  -0.00933  -0.08693  -0.10265  -0.03782
   3     6     5   0.00000   0.00000  -0.00000  -0.00000  -0.00000
   1     7     1   0.20896  -0.52806   0.56894  -0.48177  -0.01265
   2     7     1  -0.10231  -0.04049   0.02695   0.03183  -0.00387
   3     7     1   0.00000  -0.00000   0.00000  -0.00000   0.00000
   1     8     1  -0.12070  -0.21863   0.14606  -0.00325   0.36225
   2     8     1  -0.28372  -0.31949  -0.07495   0.05371  -0.21214
   3     8     1   0.00000  -0.00000  -0.00000   0.00000   0.00000
   1     9     1   0.26696  -0.13580   0.33865   0.15991  -0.00708
   2     9     1  -0.49457   0.01751  -0.61473  -0.19846  -0.00376
   3     9     1   0.00000   0.00000   0.00000  -0.00000  -0.00000
   1    10     1   0.18126  -0.45805  -0.03482   0.02948  -0.00265
   2    10     1  -0.04430  -0.01753  -0.10768  -0.12716   0.39261
   3    10     1   0.00000   0.00000  -0.00000  -0.00000  -0.00000
   1    11     1  -0.10175  -0.28170  -0.10193  -0.36037  -0.00977
   2    11     1  -0.34867  -0.35119  -0.09445  -0.63903  -0.00865
   3    11     1   0.00000   0.00000   0.00000   0.00000   0.00000
   1    12     1   0.23762  -0.07684   0.02727  -0.14353   0.70353
   2    12     1  -0.42551   0.03884   0.06533  -0.06507   0.40625
   3    12     1  -0.00000   0.00000  -0.00000   0.00000  -0.00000
                               26        27        28        29        30
                               E'       A1'       A1'        E'        E'
        Frequencies --- 2677.8763 2689.0775 3535.7654 3537.9608 3537.9608
     Reduced masses ---    1.1002    1.1037    1.0759    1.0755    1.0755
    Force constants ---    4.6483    4.7024    7.9248    7.9317    7.9317
     IR Intensities ---    0.0000    0.0000    0.0000    0.0000    0.0000
 Coord Atom Element:
   1     1     7  -0.00214   0.00000   0.00000  -0.00041   0.00059
   2     1     7  -0.00084   0.00068  -0.04166  -0.04810  -0.03392
   3     1     7   0.00000  -0.00000  -0.00000  -0.00000  -0.00000
   1     2     7   0.00185   0.00059  -0.03608   0.04642  -0.02106
   2     2     7   0.00157  -0.00034   0.02083  -0.02646   0.01291
   3     2     7  -0.00000  -0.00000   0.00000  -0.00000   0.00000
   1     3     7  -0.00223  -0.00059   0.03608   0.00426  -0.05080
   2     3     7   0.00383  -0.00034   0.02083   0.00328  -0.02925
   3     3     7   0.00000   0.00000  -0.00000   0.00000   0.00000
   1     4     5  -0.00221   0.04896  -0.00321  -0.00056  -0.00216
   2     4     5   0.00081   0.02827  -0.00186   0.00141  -0.00109
   3     4     5  -0.00000  -0.00000  -0.00000  -0.00000  -0.00000
   1     5     5   0.05851  -0.04896   0.00321   0.00222  -0.00020
   2     5     5  -0.03270   0.02827  -0.00186  -0.00055   0.00169
   3     5     5   0.00000  -0.00000  -0.00000  -0.00000  -0.00000
   1     6     5  -0.00087   0.00000   0.00000  -0.00087   0.00123
   2     6     5  -0.06853  -0.05653   0.00371  -0.00198  -0.00140
   3     6     5  -0.00000   0.00000  -0.00000   0.00000   0.00000
   1     7     1   0.00698  -0.00000  -0.00000   0.00082  -0.00116
   2     7     1  -0.00701   0.01061   0.57580   0.66549   0.46935
   3     7     1  -0.00000  -0.00000   0.00000   0.00000   0.00000
   1     8     1  -0.60328   0.49751  -0.00516  -0.00335   0.00184
   2     8     1   0.34650  -0.28724   0.00298   0.00219  -0.00051
   3     8     1  -0.00000   0.00000  -0.00000  -0.00000  -0.00000
   1     9     1   0.00709  -0.00919  -0.49866  -0.06314   0.70242
   2     9     1  -0.01259  -0.00531  -0.28790  -0.03808   0.40539
   3     9     1  -0.00000   0.00000   0.00000   0.00000  -0.00000
   1    10     1   0.00146   0.00000   0.00000  -0.00030   0.00042
   2    10     1   0.71140   0.57448  -0.00596   0.00360   0.00254
   3    10     1  -0.00000  -0.00000   0.00000   0.00000  -0.00000
   1    11     1   0.00221   0.00919   0.49866  -0.64048   0.29524
   2    11     1  -0.00990  -0.00531  -0.28790   0.36909  -0.17194
   3    11     1  -0.00000  -0.00000  -0.00000   0.00000   0.00000
   1    12     1   0.01510  -0.49751   0.00516  -0.00060   0.00377
   2    12     1   0.00523  -0.28724   0.00298   0.00025   0.00223
   3    12     1   0.00000   0.00000  -0.00000  -0.00000  -0.00000
