4 0 BBr3_MP2_6-31G
 1 2 1.0 3 1.0 4 1.0
 2
 3
 4
      1          5           0        0.000000    0.000000    0.000000
      2         35           0        0.000000    1.910841    0.000000
      3         35           0        1.654837   -0.955421   -0.000000
      4         35           0       -1.654837   -0.955421   -0.000000
                                1         2         3         4         5
                               E'        E'       A1'       A2"        E'
        Frequencies ---  169.9557  169.9557  275.4635  435.6414  795.9892
     Reduced masses ---   67.7016   67.7016   78.9183   11.4470   11.7289
    Force constants ---    1.1522    1.1522    3.5282    1.2800    4.3784
     IR Intensities ---    0.0000    0.0000    0.0000    0.0000    0.0000
 Coord Atom Element:
   1     1     5  -0.36888  -0.17059  -0.00000   0.00000   0.73917
   2     1     5  -0.17059   0.36888   0.00000   0.00000   0.66561
   3     1     5   0.00000   0.00000   0.00000   0.99677  -0.00000
   1     2    35   0.49565   0.22921   0.00000  -0.00000  -0.00664
   2     2    35  -0.21334   0.46134   0.57735  -0.00000  -0.05592
   3     2    35  -0.00000  -0.00000  -0.00000  -0.04635   0.00000
   1     3    35  -0.03046  -0.51709   0.50000   0.00000  -0.02661
   2     3    35   0.53296  -0.06477  -0.28868  -0.00000   0.00555
   3     3    35  -0.00000  -0.00000  -0.00000  -0.04635   0.00000
   1     4    35  -0.41372   0.31168  -0.50000   0.00000  -0.06986
   2     4    35  -0.29582  -0.44803  -0.28868   0.00000  -0.04248
   3     4    35  -0.00000  -0.00000  -0.00000  -0.04635   0.00000
                                6
                               E'
        Frequencies ---  795.9892
     Reduced masses ---   11.7289
    Force constants ---    4.3784
     IR Intensities ---    0.0000
 Coord Atom Element:
   1     1     5  -0.66561
   2     1     5   0.73917
   3     1     5  -0.00000
   1     2    35   0.00598
   2     2    35  -0.06210
   3     2    35   0.00000
   1     3    35   0.06745
   2     3    35  -0.04213
   3     3    35   0.00000
   1     4    35   0.01942
   2     4    35   0.00112
   3     4    35   0.00000
