4 0 BBr3
 1 2 1.0 3 1.0 4 1.0
 2
 3
 4
      1          5           0        0.000000    0.000000    0.000000
      2         35           0        0.000000    1.910841    0.000000
      3         35           0        1.654837   -0.955421   -0.000000
      4         35           0       -1.654837   -0.955421   -0.000000
                                1         2         3         4         5
                               E'        E'       A1'       A2"        E'
        Frequencies ---  169.9557  169.9557  275.4635  435.6414  795.9894
     Reduced masses ---   67.7016   67.7016   78.9183   11.4470   11.7289
    Force constants ---    1.1522    1.1522    3.5282    1.2800    4.3784
     IR Intensities ---    0.0000    0.0000    0.0000    0.0000    0.0000
 Coord Atom Element:
   1     1     5  -0.40530   0.03011   0.00000   0.00000   0.30151
   2     1     5   0.03011   0.40530   0.00000  -0.00000   0.94789
   3     1     5  -0.00000   0.00000   0.00000   0.99677   0.00000
   1     2    35   0.54458  -0.04046  -0.00000   0.00000  -0.00271
   2     2    35   0.03766   0.50688   0.57735   0.00000  -0.07964
   3     2    35   0.00000  -0.00000  -0.00000  -0.04635  -0.00000
   1     3    35  -0.27785  -0.43716   0.50000  -0.00000   0.01112
   2     3    35   0.43436  -0.31554  -0.28868   0.00000  -0.01650
   3     3    35   0.00000  -0.00000  -0.00000  -0.04635  -0.00000
   1     4    35  -0.21019   0.47343  -0.50000  -0.00000  -0.05047
   2     4    35  -0.47623  -0.24788  -0.28868  -0.00000  -0.03609
   3     4    35   0.00000  -0.00000  -0.00000  -0.04635  -0.00000
                                6
                               E'
        Frequencies ---  795.9894
     Reduced masses ---   11.7289
    Force constants ---    4.3784
     IR Intensities ---    0.0000
 Coord Atom Element:
   1     1     5   0.94789
   2     1     5  -0.30151
   3     1     5  -0.00000
   1     2    35  -0.00852
   2     2    35   0.02533
   3     2    35   0.00000
   1     3    35  -0.07165
   2     3    35   0.03916
   3     3    35   0.00000
   1     4    35  -0.05206
   2     4    35  -0.02243
   3     4    35   0.00000
