4 0 BCl3
 1 2 1.0 3 1.0 4 1.0
 2
 3
 4
      1          5           0        0.000000    0.000000    0.000000
      2         17           0        0.000000    1.788107    0.000000
      3         17           0        1.548546   -0.894053   -0.000000
      4         17           0       -1.548546   -0.894053   -0.000000
                                1         2         3         4         5
                               E'        E'       A1'       A2"        E'
        Frequencies ---  266.0137  266.0137  434.8038  465.8329  876.8207
     Reduced masses ---   31.2813   31.2813   34.9689   11.7756   12.2624
    Force constants ---    1.3042    1.3042    3.8951    1.5055    5.5545
     IR Intensities ---    0.0000    0.0000    0.0000    0.0000    0.0000
 Coord Atom Element:
   1     1     5  -0.32591   0.21838   0.00000   0.00000  -0.01459
   2     1     5   0.21838   0.32591   0.00000  -0.00000   0.97339
   3     1     5   0.00000   0.00000   0.00000   0.98388   0.00000
   1     2    17   0.47406  -0.31765  -0.00000  -0.00000   0.00028
   2     2    17   0.27181   0.40565   0.57735   0.00000  -0.18578
   3     2    17  -0.00000  -0.00000  -0.00000  -0.10325  -0.00000
   1     3    17  -0.44097  -0.25648   0.50000  -0.00000   0.07459
   2     3    17   0.21064  -0.50937  -0.28868   0.00000  -0.06142
   3     3    17  -0.00000  -0.00000  -0.00000  -0.10325  -0.00000
   1     4    17   0.06952   0.50537  -0.50000  -0.00000  -0.07027
   2     4    17  -0.55121   0.00111  -0.28868   0.00000  -0.05925
   3     4    17  -0.00000  -0.00000  -0.00000  -0.10325  -0.00000
                                6
                               E'
        Frequencies ---  876.8207
     Reduced masses ---   12.2624
    Force constants ---    5.5545
     IR Intensities ---    0.0000
 Coord Atom Element:
   1     1     5   0.97339
   2     1     5   0.01459
   3     1     5  -0.00000
   1     2    17  -0.01852
   2     2    17  -0.00279
   3     2    17   0.00000
   1     3    17  -0.14288
   2     3    17   0.07152
   3     3    17   0.00000
   1     4    17  -0.14505
   2     4    17  -0.07333
   3     4    17   0.00000
