MOLECULE_DATA
NATOMS 12
ATOMS C C C C C C H H H H H H
COORDINATES (Angstrom)
0.000000 1.406876 0.000000
1.218390 0.703438 0.000000
1.218390 -0.703438 0.000000
-0.000000 -1.406876 -0.000000
-1.218390 -0.703438 0.000000
-1.218390 0.703438 0.000000
0.000000 2.493833 0.000000
2.159723 1.246916 0.000000
2.159723 -1.246916 0.000000
-0.000000 -2.493833 -0.000000
-2.159723 -1.246916 0.000000
-2.159723 1.246916 0.000000
BONDS (AtomIndex1 AtomIndex2) [1-based]
1 2
1 6
1 7
2 3
2 8
3 4
3 9
4 5
4 10
5 6
5 11
6 12
NUM_MODES 30
MODE 1
FREQ 411.984700
VECTOR
0.00000 -0.00000 0.24456
0.00000 0.00000 -0.12055
0.00000 0.00000 -0.12401
-0.00000 -0.00000 0.24456
-0.00000 -0.00000 -0.12055
-0.00000 0.00000 -0.12401
-0.00000 0.00000 0.52297
0.00000 0.00000 -0.25778
0.00000 -0.00000 -0.26520
0.00000 -0.00000 0.52297
-0.00000 0.00000 -0.25778
0.00000 0.00000 -0.26520
MODE 2
FREQ 411.984700
VECTOR
0.00000 0.00000 -0.00200
0.00000 0.00000 0.21280
0.00000 -0.00000 -0.21079
0.00000 -0.00000 -0.00200
-0.00000 0.00000 0.21280
-0.00000 -0.00000 -0.21079
-0.00000 0.00000 -0.00428
0.00000 0.00000 0.45505
0.00000 -0.00000 -0.45077
-0.00000 -0.00000 -0.00428
0.00000 -0.00000 0.45505
0.00000 0.00000 -0.45077
MODE 3
FREQ 645.892600
VECTOR
0.09965 -0.28548 0.00000
0.32228 0.11725 -0.00000
0.03438 0.16404 0.00000
-0.09965 0.28548 -0.00000
-0.32228 -0.11725 0.00000
-0.03438 -0.16404 -0.00000
-0.12905 -0.28508 0.00000
0.25348 0.23547 -0.00000
-0.14830 -0.15252 0.00000
0.12905 0.28508 -0.00000
-0.25348 -0.23547 -0.00000
0.14830 0.15252 -0.00000
MODE 4
FREQ 645.892600
VECTOR
0.12635 0.22515 -0.00000
0.04188 0.19678 0.00000
-0.32316 0.15988 -0.00000
-0.12635 -0.22515 0.00000
-0.04188 -0.19678 -0.00000
0.32316 -0.15988 0.00000
-0.16363 0.22483 -0.00000
0.21324 -0.10040 0.00000
-0.29619 0.20558 -0.00000
0.16363 -0.22483 -0.00000
-0.21324 0.10040 -0.00000
0.29619 -0.20558 -0.00000
MODE 5
FREQ 678.165200
VECTOR
0.00000 0.00000 0.31469
-0.00000 0.00000 -0.31469
-0.00000 -0.00000 0.31469
0.00000 -0.00000 -0.31469
0.00000 0.00000 0.31469
0.00000 -0.00000 -0.31469
-0.00000 0.00000 0.26007
-0.00000 -0.00000 -0.26007
-0.00000 0.00000 0.26007
-0.00000 -0.00000 -0.26007
0.00000 0.00000 0.26007
0.00000 -0.00000 -0.26007
MODE 6
FREQ 684.169400
VECTOR
-0.00000 0.00000 0.03417
-0.00000 -0.00000 0.03417
0.00000 -0.00000 0.03417
0.00000 -0.00000 0.03417
0.00000 0.00000 0.03417
-0.00000 0.00000 0.03417
0.00000 0.00000 -0.40682
-0.00000 -0.00000 -0.40682
0.00000 0.00000 -0.40682
-0.00000 -0.00000 -0.40682
-0.00000 0.00000 -0.40682
-0.00000 0.00000 -0.40682
MODE 7
FREQ 852.231400
VECTOR
-0.00000 -0.00000 -0.08501
0.00000 0.00000 -0.04296
0.00000 -0.00000 0.04206
-0.00000 -0.00000 0.08501
-0.00000 0.00000 0.04296
0.00000 0.00000 -0.04206
-0.00000 -0.00000 0.57105
-0.00000 0.00000 0.28855
0.00000 -0.00000 -0.28250
-0.00000 -0.00000 -0.57105
-0.00000 0.00000 -0.28855
-0.00000 -0.00000 0.28250
MODE 8
FREQ 852.231400
VECTOR
0.00000 -0.00000 -0.00052
0.00000 0.00000 0.07336
-0.00000 0.00000 0.07388
-0.00000 0.00000 0.00052
-0.00000 -0.00000 -0.07336
0.00000 -0.00000 -0.07388
-0.00000 -0.00000 0.00350
0.00000 -0.00000 -0.49279
-0.00000 -0.00000 -0.49629
0.00000 0.00000 -0.00350
0.00000 -0.00000 0.49279
0.00000 -0.00000 0.49629
MODE 9
FREQ 931.241700
VECTOR
0.00000 -0.00000 0.03621
0.00000 0.00000 -0.10074
-0.00000 0.00000 0.06453
-0.00000 -0.00000 0.03621
0.00000 -0.00000 -0.10074
-0.00000 0.00000 0.06453
0.00000 -0.00000 -0.20163
0.00000 -0.00000 0.56092
-0.00000 0.00000 -0.35929
0.00000 -0.00000 -0.20163
0.00000 -0.00000 0.56092
-0.00000 0.00000 -0.35929
MODE 10
FREQ 931.241700
VECTOR
-0.00000 0.00000 -0.09542
-0.00000 -0.00000 0.01635
0.00000 -0.00000 0.07907
0.00000 0.00000 -0.09542
-0.00000 -0.00000 0.01635
0.00000 0.00000 0.07907
0.00000 0.00000 0.53128
-0.00000 -0.00000 -0.09102
0.00000 -0.00000 -0.44026
0.00000 -0.00000 0.53128
-0.00000 -0.00000 -0.09102
0.00000 0.00000 -0.44026
MODE 11
FREQ 933.524900
VECTOR
-0.00000 -0.00000 -0.02827
-0.00000 -0.00000 0.02827
-0.00000 0.00000 -0.02827
0.00000 0.00000 0.02827
0.00000 0.00000 -0.02827
0.00000 -0.00000 0.02827
-0.00000 -0.00000 0.40727
-0.00000 -0.00000 -0.40727
-0.00000 0.00000 0.40727
-0.00000 0.00000 -0.40727
0.00000 0.00000 0.40727
0.00000 0.00000 -0.40727
MODE 12
FREQ 992.583000
VECTOR
-0.00000 0.27539 0.00000
0.23850 0.13770 -0.00000
0.23850 -0.13770 0.00000
0.00000 -0.27539 -0.00000
-0.23850 -0.13770 0.00000
-0.23850 0.13770 -0.00000
-0.00000 0.30137 0.00000
0.26100 0.15069 -0.00000
0.26100 -0.15069 0.00000
0.00000 -0.30137 -0.00000
-0.26100 -0.15069 0.00000
-0.26100 0.15069 -0.00000
MODE 13
FREQ 1056.390100
VECTOR
0.00422 0.13731 0.00000
0.10189 -0.04871 -0.00000
-0.10805 -0.04029 0.00000
0.00422 0.13731 0.00000
0.10189 -0.04871 0.00000
-0.10805 -0.04029 -0.00000
0.02127 0.14698 0.00000
0.29420 -0.37280 0.00000
-0.29241 -0.34927 -0.00000
0.02127 0.14698 -0.00000
0.29420 -0.37280 -0.00000
-0.29241 -0.34927 -0.00000
MODE 14
FREQ 1056.390100
VECTOR
-0.10511 0.00551 0.00000
0.08091 0.10318 -0.00000
0.07249 -0.10675 0.00000
-0.10511 0.00551 -0.00000
0.08091 0.10318 -0.00000
0.07249 -0.10675 0.00000
-0.53037 0.00590 -0.00000
-0.01059 0.27882 0.00000
-0.03412 -0.30778 -0.00000
-0.53037 0.00590 0.00000
-0.01059 0.27882 0.00000
-0.03412 -0.30778 -0.00000
MODE 15
FREQ 1067.465000
VECTOR
-0.00000 0.28732 0.00000
-0.24883 -0.14366 -0.00000
0.24883 -0.14366 -0.00000
0.00000 0.28732 0.00000
-0.24883 -0.14366 -0.00000
0.24883 -0.14366 0.00000
0.00000 0.29002 -0.00000
-0.25117 -0.14501 0.00000
0.25117 -0.14501 0.00000
-0.00000 0.29002 -0.00000
-0.25117 -0.14501 0.00000
0.25117 -0.14501 -0.00000
MODE 16
FREQ 1237.293200
VECTOR
0.06441 0.00000 -0.00000
-0.03220 0.05578 -0.00000
-0.03220 -0.05578 -0.00000
0.06441 0.00000 0.00000
-0.03220 0.05578 -0.00000
-0.03220 -0.05578 0.00000
0.40314 0.00000 0.00000
-0.20157 0.34913 -0.00000
-0.20157 -0.34913 0.00000
0.40314 0.00000 -0.00000
-0.20157 0.34913 0.00000
-0.20157 -0.34913 -0.00000
MODE 17
FREQ 1247.140300
VECTOR
0.02242 -0.00615 -0.00000
-0.03666 0.06644 0.00000
-0.02268 -0.04863 -0.00000
-0.02242 0.00615 0.00000
0.03666 -0.06644 0.00000
0.02268 0.04863 -0.00000
0.16450 -0.00624 -0.00000
-0.27704 0.48285 -0.00000
-0.19198 -0.34201 0.00000
-0.16450 0.00624 0.00000
0.27704 -0.48285 -0.00000
0.19198 0.34201 0.00000
MODE 18
FREQ 1247.140300
VECTOR
0.07466 0.00185 -0.00000
-0.01437 0.01239 0.00000
0.03219 0.04694 0.00000
-0.07466 -0.00185 -0.00000
0.01437 -0.01239 0.00000
-0.03219 -0.04694 -0.00000
0.54782 0.00187 0.00000
-0.07122 0.11067 -0.00000
0.21206 0.35836 -0.00000
-0.54782 -0.00187 0.00000
0.07122 -0.11067 -0.00000
-0.21206 -0.35836 0.00000
MODE 19
FREQ 1319.268500
VECTOR
0.18996 0.00000 -0.00000
-0.09498 0.16451 0.00000
-0.09498 -0.16451 -0.00000
0.18996 0.00000 0.00000
-0.09498 0.16451 -0.00000
-0.09498 -0.16451 0.00000
-0.36136 0.00000 -0.00000
0.18068 -0.31295 0.00000
0.18068 0.31295 -0.00000
-0.36136 0.00000 0.00000
0.18068 -0.31295 -0.00000
0.18068 0.31295 0.00000
MODE 20
FREQ 1435.483500
VECTOR
-0.06011 -0.00000 -0.00000
-0.03006 0.05206 0.00000
0.03006 0.05206 0.00000
0.06011 0.00000 -0.00000
0.03006 -0.05206 -0.00000
-0.03006 -0.05206 -0.00000
0.40380 -0.00000 0.00000
0.20190 -0.34970 0.00000
-0.20190 -0.34970 -0.00000
-0.40380 0.00000 0.00000
-0.20190 0.34970 0.00000
0.20190 0.34970 0.00000
MODE 21
FREQ 1532.846500
VECTOR
-0.00506 -0.07317 -0.00000
-0.08577 0.08044 0.00000
0.08761 0.07353 -0.00000
-0.00506 -0.07317 -0.00000
-0.08577 0.08044 0.00000
0.08761 0.07353 0.00000
0.02193 -0.09088 0.00000
0.20722 -0.44352 -0.00000
-0.19083 -0.42767 0.00000
0.02193 -0.09088 -0.00000
0.20722 -0.44352 -0.00000
-0.19083 -0.42767 -0.00000
MODE 22
FREQ 1532.846500
VECTOR
0.12704 -0.00291 0.00000
-0.02657 -0.08363 0.00000
-0.01967 0.08976 -0.00000
0.12704 -0.00291 -0.00000
-0.02657 -0.08363 -0.00000
-0.01967 0.08976 -0.00000
-0.55050 -0.00362 -0.00000
-0.19786 0.18167 0.00000
-0.21371 -0.21637 -0.00000
-0.55050 -0.00362 0.00000
-0.19786 0.18167 0.00000
-0.21371 -0.21637 -0.00000
MODE 23
FREQ 1598.898700
VECTOR
-0.08611 0.12538 -0.00000
0.11155 -0.24717 -0.00000
0.00665 0.20830 0.00000
0.08611 -0.12538 0.00000
-0.11155 0.24717 -0.00000
-0.00665 -0.20830 0.00000
0.14578 0.14140 0.00000
-0.25476 0.38039 -0.00000
-0.25162 -0.21387 0.00000
-0.14578 -0.14140 0.00000
0.25476 -0.38039 -0.00000
0.25162 0.21387 0.00000
MODE 24
FREQ 1598.898700
VECTOR
0.26186 0.04123 -0.00000
-0.14006 -0.01579 0.00000
0.17893 0.13399 0.00000
-0.26186 -0.04123 -0.00000
0.14006 0.01579 0.00000
-0.17893 -0.13399 0.00000
-0.44331 0.04650 -0.00000
-0.07849 -0.15548 -0.00000
-0.08803 -0.35090 0.00000
0.44331 -0.04650 -0.00000
0.07849 0.15548 0.00000
0.08803 0.35090 0.00000
MODE 25
FREQ 3182.291500
VECTOR
-0.00000 -0.03449 -0.00000
0.02987 0.01724 -0.00000
-0.02987 0.01724 -0.00000
0.00000 -0.03449 0.00000
0.02987 0.01724 -0.00000
-0.02987 0.01724 0.00000
0.00000 0.40679 -0.00000
-0.35229 -0.20339 0.00000
0.35229 -0.20339 0.00000
-0.00000 0.40679 -0.00000
-0.35229 -0.20339 0.00000
0.35229 -0.20339 0.00000
MODE 26
FREQ 3191.891000
VECTOR
0.00162 -0.02919 -0.00000
-0.01807 -0.00830 0.00000
0.04232 -0.02469 0.00000
-0.00162 0.02919 -0.00000
0.01807 0.00830 -0.00000
-0.04232 0.02469 -0.00000
-0.00266 0.34067 0.00000
0.20163 0.11291 -0.00000
-0.49496 0.28618 -0.00000
0.00266 -0.34067 0.00000
-0.20163 -0.11291 0.00000
0.49496 -0.28618 0.00000
MODE 27
FREQ 3191.891000
VECTOR
0.00119 0.03972 0.00000
-0.03869 -0.02327 0.00000
0.00570 -0.00098 0.00000
-0.00119 -0.03972 -0.00000
0.03869 0.02327 -0.00000
-0.00570 0.00098 -0.00000
-0.00196 -0.46350 0.00000
0.45554 0.26454 -0.00000
-0.05644 0.02879 -0.00000
0.00196 0.46350 0.00000
-0.45554 -0.26454 0.00000
0.05644 -0.02879 0.00000
MODE 28
FREQ 3209.632500
VECTOR
-0.00318 0.00256 -0.00000
0.03860 0.02396 -0.00000
0.03625 -0.02292 0.00000
-0.00318 0.00256 0.00000
0.03860 0.02396 -0.00000
0.03625 -0.02292 -0.00000
0.00542 -0.02887 -0.00000
-0.44201 -0.25805 -0.00000
-0.41678 0.24403 -0.00000
0.00542 -0.02887 -0.00000
-0.44201 -0.25805 0.00000
-0.41678 0.24403 0.00000
MODE 29
FREQ 3209.632500
VECTOR
0.00016 0.05096 0.00000
0.02156 0.00918 -0.00000
-0.02532 0.01153 -0.00000
0.00016 0.05096 -0.00000
0.02156 0.00918 0.00000
-0.02532 0.01153 -0.00000
-0.00027 -0.57433 0.00000
-0.22946 -0.12690 0.00000
0.27262 -0.15213 0.00000
-0.00027 -0.57433 -0.00000
-0.22946 -0.12690 -0.00000
0.27262 -0.15213 0.00000
MODE 30
FREQ 3223.169600
VECTOR
-0.00000 -0.03736 0.00000
-0.03236 -0.01868 0.00000
-0.03236 0.01868 -0.00000
0.00000 0.03736 -0.00000
0.03236 0.01868 -0.00000
0.03236 -0.01868 -0.00000
0.00000 0.40653 0.00000
0.35207 0.20327 0.00000
0.35207 -0.20327 0.00000
-0.00000 -0.40653 0.00000
-0.35207 -0.20327 0.00000
-0.35207 0.20327 -0.00000
END_MOLECULE_DATA
