4 0 BF3
 1 2 1.0 3 1.0 4 1.0
 2
 3
 4
      1          5           0        0.000000    0.000000    0.000000
      2          9           0        0.000000    1.344507    0.000000
      3          9           0        1.164377   -0.672254    0.000000
      4          9           0       -1.164377   -0.672254    0.000000
                                1         2         3         4         5
                               E'        E'       A2"       A1'        E'
        Frequencies ---  484.2209  484.2209  663.5273  910.6944 1583.6032
     Reduced masses ---   17.8577   17.8577   11.8135   18.9984   12.3022
    Force constants ---    2.4670    2.4670    3.0644    9.2835   18.1771
     IR Intensities ---    0.0000    0.0000    0.0000    0.0000    0.0000
 Coord Atom Element:
   1     1     5  -0.37787   0.00032   0.00000  -0.00000  -0.00274
   2     1     5  -0.00032  -0.37787  -0.00000   0.00000   0.91551
   3     1     5  -0.00000  -0.00000   0.94833   0.00000   0.00000
   1     2     9   0.60253  -0.00051   0.00000   0.00000   0.00008
   2     2     9  -0.00039  -0.45655  -0.00000   0.57735  -0.32741
   3     2     9   0.00000   0.00000  -0.18318  -0.00000  -0.00000
   1     3     9  -0.19139   0.45876   0.00000   0.50000   0.13115
   2     3     9   0.45888   0.33737   0.00000  -0.28868  -0.10195
   3     3     9   0.00000   0.00000  -0.18318  -0.00000  -0.00000
   1     4     9  -0.19217  -0.45843  -0.00000  -0.50000  -0.12964
   2     4     9  -0.45830   0.33815   0.00000  -0.28868  -0.10117
   3     4     9   0.00000   0.00000  -0.18318  -0.00000  -0.00000
                                6
                               E'
        Frequencies --- 1583.6032
     Reduced masses ---   12.3022
    Force constants ---   18.1771
     IR Intensities ---    0.0000
 Coord Atom Element:
   1     1     5   0.91551
   2     1     5   0.00274
   3     1     5  -0.00000
   1     2     9  -0.02627
   2     2     9  -0.00098
   3     2     9   0.00000
   1     3     9  -0.25173
   2     3     9   0.13009
   3     3     9   0.00000
   1     4     9  -0.25252
   2     4     9  -0.13070
   3     4     9   0.00000
