4 0 BH3
 1 2 1.0 3 1.0 4 1.0
 2
 3
 4
      1          5           0        0.000000    0.000000    0.000000
      2          1           0        0.000000    1.197030    0.000000
      3          1           0        1.036658   -0.598515   -0.000000
      4          1           0       -1.036658   -0.598515   -0.000000
                                1         2         3         4         5
                              A2"        E'        E'       A1'        E'
        Frequencies --- 1185.7558 1251.9902 1251.9902 2615.3897 2753.5320
     Reduced masses ---    1.2531    1.1088    1.1088    1.0078    1.1257
    Force constants ---    1.0381    1.0240    1.0240    4.0617    5.0285
     IR Intensities ---    0.0000    0.0000    0.0000    0.0000    0.0000
 Coord Atom Element:
   1     1     5  -0.00000   0.06631  -0.07547   0.00000   0.10158
   2     1     5  -0.00000   0.07547   0.06631   0.00000   0.03826
   3     1     5   0.15660   0.00000  -0.00000  -0.00000   0.00000
   1     2     1   0.00000  -0.53378   0.60752  -0.00000   0.01955
   2     2     1   0.00000   0.05789   0.05086   0.57735  -0.28601
   3     2     1  -0.57023  -0.00000   0.00000   0.00000  -0.00000
   1     3     1   0.00000  -0.38343  -0.14470   0.50000  -0.43757
   2     3     1   0.00000  -0.69432  -0.09949  -0.28868   0.27128
   3     3     1  -0.57023  -0.00000   0.00000   0.00000  -0.00000
   1     4     1   0.00000   0.19283   0.36162  -0.50000  -0.69164
   2     4     1  -0.00000  -0.18801  -0.67575  -0.28868  -0.40324
   3     4     1  -0.57023  -0.00000   0.00000   0.00000  -0.00000
                                6
                               E'
        Frequencies --- 2753.5320
     Reduced masses ---    1.1257
    Force constants ---    5.0285
     IR Intensities ---    0.0000
 Coord Atom Element:
   1     1     5  -0.03826
   2     1     5   0.10158
   3     1     5   0.00000
   1     2     1  -0.00736
   2     2     1  -0.75932
   3     2     1  -0.00000
   1     3     1   0.54993
   2     3     1  -0.30220
   3     3     1  -0.00000
   1     4     1  -0.12460
   2     4     1  -0.04813
   3     4     1  -0.00000
