4 0 BrCl3_MP2_cc
 1 2 1.0 3 1.0 4 1.0
 2
 3
 4
      1         35           0        0.000000    0.000000    0.382982
      2         17           0        0.000000    2.389183    0.502051
      3         17           0       -0.000000   -0.000000   -1.792594
      4         17           0       -0.000000   -2.389183    0.502051
                                1         2         3         4         5
                               A1        B1        B2        A1        B2
        Frequencies ---   97.5013  132.7008  160.4927  242.5918  355.8992
     Reduced masses ---   40.6748   48.2752   36.5572   35.0943   47.4686
    Force constants ---    0.2278    0.5009    0.5548    1.2169    3.5425
     IR Intensities ---    0.0000    0.0000    0.0000    0.0000    0.0000
 Coord Atom Element:
   1     1    35   0.00000   0.55024  -0.00000  -0.00000  -0.00000
   2     1    35  -0.00000   0.00000  -0.19010  -0.00000   0.53330
   3     1    35   0.36032  -0.00000   0.00000  -0.05343   0.00000
   1     2    17  -0.00000  -0.58868   0.00000   0.00000   0.00000
   2     2    17   0.03635   0.00000  -0.18101   0.70404  -0.59757
   3     2    17  -0.59947   0.00000  -0.36918   0.02754  -0.02594
   1     3    17  -0.00000  -0.06444   0.00000   0.00000   0.00000
   2     3    17  -0.00000   0.00000   0.79104   0.00000  -0.00844
   3     3    17   0.38576  -0.00000   0.00000   0.06552  -0.00000
   1     4    17  -0.00000  -0.58868   0.00000   0.00000   0.00000
   2     4    17  -0.03635  -0.00000  -0.18101  -0.70404  -0.59757
   3     4    17  -0.59947   0.00000   0.36918   0.02754   0.02594
                                6
                               A1
        Frequencies ---  405.6331
     Reduced masses ---   42.3330
    Force constants ---    4.1039
     IR Intensities ---    0.0000
 Coord Atom Element:
   1     1    35  -0.00000
   2     1    35  -0.00000
   3     1    35   0.40934
   1     2    17   0.00000
   2     2    17   0.07755
   3     2    17  -0.00907
   1     3    17   0.00000
   2     3    17   0.00000
   3     3    17  -0.90568
   1     4    17   0.00000
   2     4    17  -0.07755
   3     4    17  -0.00907
