MOLECULE_DATA
NATOMS 4
ATOMS Br Cl Cl Cl
COORDINATES (Angstrom)
0.000000 0.000000 0.382982
0.000000 2.389183 0.502051
-0.000000 -0.000000 -1.792594
-0.000000 -2.389183 0.502051
BONDS (AtomIndex1 AtomIndex2) [1-based]
1 2
1 3
1 4
NUM_MODES 6
MODE 1
FREQ 97.501300
VECTOR
0.00000 -0.00000 0.36032
-0.00000 0.03635 -0.59947
-0.00000 -0.00000 0.38576
-0.00000 -0.03635 -0.59947
MODE 2
FREQ 132.700800
VECTOR
0.55024 0.00000 -0.00000
-0.58868 0.00000 0.00000
-0.06444 0.00000 -0.00000
-0.58868 -0.00000 0.00000
MODE 3
FREQ 160.492700
VECTOR
-0.00000 -0.19010 0.00000
0.00000 -0.18101 -0.36918
0.00000 0.79104 0.00000
0.00000 -0.18101 0.36918
MODE 4
FREQ 242.591800
VECTOR
-0.00000 -0.00000 -0.05343
0.00000 0.70404 0.02754
0.00000 0.00000 0.06552
0.00000 -0.70404 0.02754
MODE 5
FREQ 355.899200
VECTOR
-0.00000 0.53330 0.00000
0.00000 -0.59757 -0.02594
0.00000 -0.00844 -0.00000
0.00000 -0.59757 0.02594
MODE 6
FREQ 405.633100
VECTOR
-0.00000 -0.00000 0.40934
0.00000 0.07755 -0.00907
0.00000 0.00000 -0.90568
0.00000 -0.07755 -0.00907
END_MOLECULE_DATA
