MOLECULE_DATA
NATOMS 4
ATOMS Br F F F
COORDINATES (Angstrom)
0.000000 -0.000000 0.334101
0.000000 1.854813 0.089015
-0.000000 0.000000 -1.477309
-0.000000 -1.854813 0.089015
BONDS (AtomIndex1 AtomIndex2) [1-based]
1 2
1 3
1 4
NUM_MODES 6
MODE 1
FREQ 220.598200
VECTOR
0.27776 0.00000 -0.00000
-0.66718 0.00000 0.00000
0.18054 0.00000 -0.00000
-0.66718 -0.00000 0.00000
MODE 2
FREQ 231.798700
VECTOR
0.00000 0.00000 0.26316
-0.00000 -0.15355 -0.64877
0.00000 -0.00000 0.20439
-0.00000 0.15355 -0.64877
MODE 3
FREQ 314.294000
VECTOR
-0.00000 -0.10157 0.00000
0.00000 -0.19112 -0.36741
-0.00000 0.80415 -0.00000
0.00000 -0.19112 0.36741
MODE 4
FREQ 485.762900
VECTOR
-0.00000 -0.00000 0.00107
0.00000 0.67586 -0.12149
-0.00000 0.00000 0.23854
0.00000 -0.67586 -0.12149
MODE 5
FREQ 588.813900
VECTOR
-0.00000 0.00000 0.22636
0.00000 0.16649 0.00242
-0.00000 -0.00000 -0.94515
0.00000 -0.16649 0.00242
MODE 6
FREQ 594.110600
VECTOR
-0.00000 0.32741 -0.00000
0.00000 -0.65867 0.10789
-0.00000 -0.04271 0.00000
0.00000 -0.65867 -0.10789
END_MOLECULE_DATA
