MOLECULE_DATA
NATOMS 4
ATOMS Br H H H
COORDINATES (Angstrom)
-0.000000 0.000000 0.047856
-0.000000 1.852642 -0.141616
-0.000000 -1.852642 -0.141616
0.000000 -0.000000 -1.391742
BONDS (AtomIndex1 AtomIndex2) [1-based]
1 2
1 3
1 4
NUM_MODES 6
MODE 1
FREQ 813.610800
VECTOR
0.01542 -0.00000 0.00000
-0.69508 -0.00000 -0.00000
-0.69508 0.00000 -0.00000
0.18297 -0.00000 -0.00000
MODE 2
FREQ 843.765800
VECTOR
-0.00000 -0.00000 0.01750
0.00000 -0.11151 -0.69792
0.00000 0.11151 -0.69792
-0.00000 -0.00000 0.02524
MODE 3
FREQ 974.999200
VECTOR
0.00000 0.01306 -0.00000
-0.00000 -0.07814 0.34452
-0.00000 -0.07814 -0.34452
0.00000 -0.86616 0.00000
MODE 4
FREQ 1208.915900
VECTOR
0.00000 0.00000 0.00261
-0.00000 0.69861 -0.10882
-0.00000 -0.69861 -0.10882
0.00000 0.00000 0.01363
MODE 5
FREQ 1284.420400
VECTOR
0.00000 0.01587 0.00000
-0.00000 -0.69849 0.01160
-0.00000 -0.69849 -0.01160
0.00000 0.15400 -0.00000
MODE 6
FREQ 2344.158900
VECTOR
-0.00000 -0.00000 0.01293
0.00000 0.00685 -0.00647
0.00000 -0.00685 -0.00647
-0.00000 -0.00000 -0.99983
END_MOLECULE_DATA
