4 0 brh3
 1 2 1.0 3 1.0 4 1.0
 2
 3
 4
      1         35           0       -0.000000    0.000000    0.047856
      2          1           0       -0.000000    1.852642   -0.141616
      3          1           0       -0.000000   -1.852642   -0.141616
      4          1           0        0.000000   -0.000000   -1.391742
                                1         2         3         4         5
                               B1        A1        B2        A1        B2
        Frequencies ---  813.6108  843.7658  974.9992 1208.9159 1284.4204
     Reduced masses ---    1.0263    1.0317    1.0211    1.0084    1.0275
    Force constants ---    0.4003    0.4328    0.5719    0.8683    0.9987
     IR Intensities ---    0.0000    0.0000    0.0000    0.0000    0.0000
 Coord Atom Element:
   1     1    35   0.01542  -0.00000   0.00000   0.00000   0.00000
   2     1    35  -0.00000  -0.00000   0.01306   0.00000   0.01587
   3     1    35   0.00000   0.01750  -0.00000   0.00261   0.00000
   1     2     1  -0.69508   0.00000  -0.00000  -0.00000  -0.00000
   2     2     1  -0.00000  -0.11151  -0.07814   0.69861  -0.69849
   3     2     1  -0.00000  -0.69792   0.34452  -0.10882   0.01160
   1     3     1  -0.69508   0.00000  -0.00000  -0.00000  -0.00000
   2     3     1   0.00000   0.11151  -0.07814  -0.69861  -0.69849
   3     3     1  -0.00000  -0.69792  -0.34452  -0.10882  -0.01160
   1     4     1   0.18297  -0.00000   0.00000   0.00000   0.00000
   2     4     1  -0.00000  -0.00000  -0.86616   0.00000   0.15400
   3     4     1  -0.00000   0.02524   0.00000   0.01363  -0.00000
                                6
                               A1
        Frequencies --- 2344.1589
     Reduced masses ---    1.0209
    Force constants ---    3.3051
     IR Intensities ---    0.0000
 Coord Atom Element:
   1     1    35  -0.00000
   2     1    35  -0.00000
   3     1    35   0.01293
   1     2     1   0.00000
   2     2     1   0.00685
   3     2     1  -0.00647
   1     3     1   0.00000
   2     3     1  -0.00685
   3     3     1  -0.00647
   1     4     1  -0.00000
   2     4     1  -0.00000
   3     4     1  -0.99983
