26 0 C10H16
 1 2 1.0 3 1.0 4 1.0 6 1.0
 2
 3
 4 5 1.0 11 1.0 19 1.0
 5
 6 7 1.0 8 1.0 22 1.0
 7
 8 9 1.0 10 1.0 14 1.0
 9
 10
 11 12 1.0 13 1.0 14 1.0
 12
 13
 14 15 1.0 16 1.0
 15
 16 17 1.0 18 1.0 25 1.0
 17
 18
 19 20 1.0 21 1.0 25 1.0
 20
 21
 22 23 1.0 24 1.0 25 1.0
 23
 24
 25 26 1.0
 26
      1          6           0        0.000000    1.791631    0.000000
      2          1           0        0.629267    2.437693   -0.629267
      3          1           0       -0.629267    2.437693    0.629267
      4          6           0        0.897377    0.897377    0.897377
      5          1           0        1.531857    1.531857    1.531857
      6          6           0       -0.897377    0.897377   -0.897377
      7          1           0       -1.531857    1.531857   -1.531857
      8          6           0       -0.000000   -0.000000   -1.791631
      9          1           0        0.629267    0.629267   -2.437693
     10          1           0       -0.629267   -0.629267   -2.437693
     11          6           0        1.791631    0.000000    0.000000
     12          1           0        2.437693   -0.629267    0.629267
     13          1           0        2.437693    0.629267   -0.629267
     14          6           0        0.897377   -0.897377   -0.897377
     15          1           0        1.531857   -1.531857   -1.531857
     16          6           0        0.000000   -1.791631   -0.000000
     17          1           0       -0.629267   -2.437693   -0.629267
     18          1           0        0.629267   -2.437693    0.629267
     19          6           0        0.000000    0.000000    1.791631
     20          1           0       -0.629267    0.629267    2.437693
     21          1           0        0.629267   -0.629267    2.437693
     22          6           0       -1.791631   -0.000000    0.000000
     23          1           0       -2.437693    0.629267    0.629267
     24          1           0       -2.437693   -0.629267   -0.629267
     25          6           0       -0.897377   -0.897377    0.897377
     26          1           0       -1.531857   -1.531857    1.531857
                                1         2         3         4         5
                               T1        T1        T1         E         E
        Frequencies ---  314.3049  314.3049  314.3049  412.4592  412.4592
     Reduced masses ---    2.0055    2.0055    2.0055    4.7893    4.7893
    Force constants ---    0.1167    0.1167    0.1167    0.4800    0.4800
     IR Intensities ---    0.0000    0.0000    0.0000    0.0000    0.0000
 Coord Atom Element:
   1     1     6  -0.10493   0.06598  -0.05577  -0.00000   0.00000
   2     1     6   0.00000  -0.00000  -0.00000  -0.11693   0.24081
   3     1     6   0.08245   0.08061   0.07197   0.00000  -0.00000
   1     2     1  -0.25100   0.06525  -0.07622  -0.13187  -0.05950
   2     2     1   0.20966   0.01637   0.14292  -0.11306   0.23283
   3     2     1   0.15404   0.09687   0.19989  -0.12830  -0.06683
   1     3     1  -0.18227   0.08720  -0.17956   0.13186   0.05950
   2     3     1  -0.20966  -0.01637  -0.14292  -0.11306   0.23283
   3     3     1   0.22276   0.11883   0.09656   0.12830   0.06683
   1     4     6   0.04692   0.04199  -0.01587   0.14627  -0.01048
   2     4     6   0.00979  -0.06380  -0.00705  -0.06405   0.13191
   3     4     6  -0.05670   0.02181   0.02292  -0.08221  -0.12143
   1     5     1   0.09288   0.08313  -0.03142   0.02188  -0.00157
   2     5     1   0.01937  -0.12631  -0.01395  -0.00958   0.01973
   3     5     1  -0.11226   0.04318   0.04538  -0.01230  -0.01817
   1     6     6  -0.00316   0.02599   0.05942  -0.14627   0.01048
   2     6     6  -0.00979   0.06380   0.00705  -0.06405   0.13191
   3     6     6  -0.00662   0.03781  -0.05237   0.08221   0.12143
   1     7     1  -0.00626   0.05146   0.11764  -0.02188   0.00157
   2     7     1  -0.01937   0.12631   0.01395  -0.00958   0.01973
   3     7     1  -0.01311   0.07486  -0.10368   0.01230   0.01817
   1     8     6   0.10683  -0.08160   0.02005  -0.00000   0.00000
   2     8     6   0.09162   0.00526  -0.10027  -0.00000   0.00000
   3     8     6   0.00000   0.00000  -0.00000   0.15008   0.22167
   1     9     1   0.25406  -0.09039   0.01873  -0.12203   0.07770
   2     9     1   0.17489  -0.07461  -0.19212   0.11746  -0.08445
   3     9     1   0.22204  -0.08541  -0.08975   0.14511   0.21433
   1    10     1   0.19400  -0.18370  -0.04103   0.12203  -0.07770
   2    10     1   0.23494   0.01869  -0.13236  -0.11746   0.08445
   3    10     1  -0.22204   0.08541   0.08975   0.14511   0.21433
   1    11     6   0.00000   0.00000   0.00000   0.26701  -0.01914
   2    11     6  -0.05943  -0.00275   0.12221  -0.00000   0.00000
   3    11     6  -0.04836  -0.09372  -0.08575   0.00000  -0.00000
   1    12     1  -0.01238   0.10178   0.23268   0.25817  -0.01850
   2    12     1  -0.03618  -0.00317   0.26786   0.00627   0.14453
   3    12     1  -0.01226  -0.19980  -0.18165   0.01441   0.14395
   1    13     1   0.01238  -0.10178  -0.23268   0.25817  -0.01850
   2    13     1  -0.12309   0.07866   0.22744  -0.00627  -0.14453
   3    13     1  -0.09918  -0.11797  -0.22207  -0.01441  -0.14395
   1    14     6  -0.04692  -0.04199   0.01587   0.14627  -0.01048
   2    14     6  -0.05354  -0.00418  -0.03650   0.06405  -0.13191
   3    14     6   0.00662  -0.03781   0.05237   0.08221   0.12143
   1    15     1  -0.09288  -0.08313   0.03142   0.02188  -0.00157
   2    15     1  -0.10600  -0.00828  -0.07226   0.00958  -0.01973
   3    15     1   0.01311  -0.07486   0.10368   0.01230   0.01817
   1    16     6  -0.07863   0.10685  -0.02959   0.00000   0.00000
   2    16     6   0.00000   0.00000   0.00000   0.11693  -0.24081
   3    16     6   0.04438   0.11645   0.05426   0.00000   0.00000
   1    17     1  -0.14861   0.22432   0.02568   0.13187   0.05950
   2    17     1   0.03832  -0.24984  -0.02760   0.11306  -0.23283
   3    17     1   0.07458   0.25834   0.02764  -0.12830  -0.06683
   1    18     1  -0.07988   0.24628  -0.07766  -0.13186  -0.05950
   2    18     1  -0.03832   0.24984   0.02760   0.11306  -0.23283
   3    18     1   0.00585   0.23638   0.13098   0.12830   0.06683
   1    19     6   0.07673  -0.09122   0.06532   0.00000  -0.00000
   2    19     6   0.05354   0.04111  -0.11797  -0.00000  -0.00000
   3    19     6  -0.00000   0.00000   0.00000  -0.15008  -0.22167
   1    20     1   0.13688  -0.12783   0.19491   0.12203  -0.07770
   2    20     1   0.08676   0.15820  -0.20127   0.11746  -0.08445
   3    20     1   0.02594  -0.14806   0.20508  -0.14511  -0.21433
   1    21     1   0.07682  -0.22113   0.13515  -0.12203   0.07770
   2    21     1   0.02671   0.06490  -0.26104  -0.11746   0.08445
   3    21     1  -0.02594   0.14806  -0.20508  -0.14511  -0.21433
   1    22     6  -0.00000  -0.00000  -0.00000  -0.26701   0.01914
   2    22     6  -0.08573  -0.04362   0.09603   0.00000   0.00000
   3    22     6  -0.07847  -0.10334  -0.04048   0.00000   0.00000
   1    23     1  -0.18372  -0.16443   0.06215  -0.25817   0.01850
   2    23     1  -0.13856  -0.16225   0.16596  -0.00627  -0.14453
   3    23     1  -0.21635  -0.15541  -0.04589   0.01441   0.14395
   1    24     1   0.18372   0.16443  -0.06215  -0.25817   0.01850
   2    24     1  -0.22548  -0.08042   0.12554   0.00627   0.14453
   3    24     1  -0.12944  -0.23724  -0.00547  -0.01441  -0.14395
   1    25     6   0.00316  -0.02599  -0.05942  -0.14627   0.01048
   2    25     6   0.05354   0.00418   0.03650   0.06405  -0.13191
   3    25     6   0.05670  -0.02181  -0.02292  -0.08221  -0.12143
   1    26     1   0.00626  -0.05146  -0.11764  -0.02188   0.00157
   2    26     1   0.10600   0.00828   0.07226   0.00958  -0.01973
   3    26     1   0.11226  -0.04318  -0.04538  -0.01230  -0.01817
                                6         7         8         9        10
                               T2        T2        T2        T2        T2
        Frequencies ---  443.2287  443.2287  443.2287  651.4297  651.4297
     Reduced masses ---    1.7294    1.7294    1.7294    3.6011    3.6011
    Force constants ---    0.2002    0.2002    0.2002    0.9004    0.9004
     IR Intensities ---    0.0000    0.0000    0.0000    0.0000    0.0000
 Coord Atom Element:
   1     1     6   0.03446  -0.07640   0.07738   0.01354   0.10171
   2     1     6   0.01400  -0.00360  -0.00979  -0.10427  -0.03665
   3     1     6  -0.06748  -0.01624  -0.09053  -0.02661   0.10431
   1     2     1   0.11838  -0.10327   0.20941  -0.11119  -0.00165
   2     2     1  -0.13296   0.08396  -0.25777   0.14975  -0.04918
   3     2     1  -0.13787   0.04860  -0.21717   0.11210  -0.01262
   1     3     1   0.12030  -0.10376   0.20807  -0.10283   0.00129
   2     3     1   0.16600  -0.09246   0.23466  -0.33955  -0.01753
   3     3     1  -0.13978   0.04909  -0.21583   0.10373  -0.01556
   1     4     6  -0.00897  -0.04470  -0.03417   0.11814   0.11717
   2     4     6   0.02889  -0.03797  -0.03114   0.00097   0.17049
   3     4     6   0.01017  -0.05600  -0.00264   0.00130   0.12473
   1     5     1  -0.03357  -0.04268  -0.04905  -0.09280   0.17142
   2     5     1   0.05328  -0.02724  -0.04211   0.10664   0.08067
   3     5     1   0.01034  -0.06860   0.02328   0.10607   0.15856
   1     6     6  -0.04295  -0.03596  -0.01041  -0.01372   0.07083
   2     6     6   0.04883   0.01798  -0.02321   0.02210  -0.16238
   3     6     6  -0.02381  -0.04726   0.02112  -0.13055   0.07839
   1     7     1  -0.04863  -0.03881  -0.03852  -0.12626   0.15966
   2     7     1   0.06212  -0.00245  -0.03859   0.11200  -0.00382
   3     7     1  -0.00472  -0.06472   0.03381   0.07260   0.14679
   1     8     6  -0.06436   0.03924   0.08562  -0.08646   0.02427
   2     8     6   0.03304   0.05655   0.09340   0.08934  -0.05573
   3     8     6   0.00202  -0.01515   0.00846  -0.10363  -0.12437
   1     9     1  -0.06827   0.11515   0.22497   0.00254   0.08643
   2     9     1  -0.01080   0.12537   0.22956  -0.00964   0.09197
   3     9     1  -0.04356   0.12260   0.27248  -0.11187   0.07852
   1    10     1  -0.06855   0.11722   0.22381  -0.00578   0.07645
   2    10     1  -0.01107   0.12744   0.22840  -0.01796   0.08199
   3    10     1   0.04832  -0.15833  -0.25253  -0.07677  -0.30491
   1    11     6  -0.01024  -0.00791  -0.01173   0.12033  -0.13886
   2    11     6  -0.01766  -0.08567   0.07322   0.08130   0.07087
   3    11     6   0.08204   0.01034  -0.07859   0.08142   0.05515
   1    12     1  -0.15828  -0.15013   0.20877   0.11022  -0.22220
   2    12     1  -0.10796  -0.14435   0.18984  -0.01016  -0.04088
   3    12     1   0.14594   0.09990  -0.19301  -0.00111   0.03215
   1    13     1   0.13412   0.13146  -0.23644   0.10883  -0.03056
   2    13     1  -0.10656  -0.14326   0.19145  -0.00050  -0.05202
   3    13     1   0.14454   0.09881  -0.19461  -0.01077   0.04330
   1    14     6  -0.04785   0.00078  -0.03093  -0.14477  -0.08645
   2    14     6   0.05373  -0.01877  -0.00269   0.15315  -0.00511
   3    14     6   0.03501  -0.03680   0.02582   0.15348  -0.05087
   1    15     1  -0.05080  -0.02253  -0.04761  -0.15953   0.11974
   2    15     1   0.06429  -0.01873  -0.02950   0.14526   0.03610
   3    15     1   0.02134  -0.06009   0.03589   0.14470   0.11399
   1    16     6   0.00957   0.11043  -0.02695  -0.08615  -0.01792
   2    16     6   0.01400  -0.00360  -0.00979  -0.10427  -0.03665
   3    16     6   0.05881   0.08137   0.05416   0.08914  -0.02926
   1    17     1   0.07109   0.25170   0.01120  -0.00613   0.12444
   2    17     1  -0.08374  -0.28550  -0.05145  -0.07665  -0.32089
   3    17     1   0.10015   0.23455   0.05905  -0.01827   0.12522
   1    18     1   0.07301   0.25120   0.00986   0.00224   0.12738
   2    18     1   0.11678   0.27700   0.02835  -0.11315   0.25418
   3    18     1   0.10206   0.23406   0.05772  -0.00990   0.12816
   1    19     6   0.10839  -0.00521  -0.03518   0.01384   0.05952
   2    19     6  -0.09325  -0.04106  -0.05129  -0.02642   0.07784
   3    19     6   0.00202  -0.01515   0.00846  -0.10363  -0.12437
   1    20     1   0.25994   0.03072  -0.00454  -0.10318   0.04927
   2    20     1  -0.25101  -0.05802  -0.04648   0.10405  -0.05879
   3    20     1   0.29806   0.03471   0.03359  -0.33966  -0.00154
   1    21     1   0.25966   0.03279  -0.00570  -0.11149   0.03930
   2    21     1  -0.25073  -0.06009  -0.04532   0.11236  -0.04881
   3    21     1  -0.29330  -0.07044  -0.01363   0.15103  -0.22484
   1    22     6  -0.01024  -0.00791  -0.01173   0.12033  -0.13886
   2    22     6  -0.04255   0.10116  -0.03111  -0.01839  -0.04876
   3    22     6  -0.09071   0.05479   0.04222  -0.01888   0.01989
   1    23     1  -0.20750   0.21934   0.00245   0.33662   0.04951
   2    23     1  -0.15525   0.21062  -0.00837   0.09491   0.08521
   3    23     1  -0.18366   0.18325   0.03490   0.09494   0.08045
   1    24     1   0.18334  -0.23801  -0.03012  -0.11758  -0.30227
   2    24     1  -0.15385   0.21170  -0.00677   0.10456   0.07407
   3    24     1  -0.18226   0.18433   0.03650   0.10460   0.06931
   1    25     6  -0.01387  -0.00796  -0.05469  -0.01291  -0.04010
   2    25     6   0.02399  -0.00122  -0.05166  -0.13008   0.01322
   3    25     6   0.00103  -0.02806   0.04958   0.02162  -0.09721
   1    26     1  -0.03574  -0.02640  -0.05814  -0.12606   0.13150
   2    26     1   0.05111  -0.01096  -0.05120   0.07337   0.04075
   3    26     1   0.00629  -0.05622   0.04642   0.11123   0.10222
                               11        12        13        14        15
                               T2        A1        T2        T2        T2
        Frequencies ---  651.4297  752.8258  794.9176  794.9176  794.9176
     Reduced masses ---    3.6011    4.9977    3.0193    3.0193    3.0193
    Force constants ---    0.9004    1.6688    1.1241    1.1241    1.1241
     IR Intensities ---    0.0000    0.0000    0.0000    0.0000    0.0000
 Coord Atom Element:
   1     1     6  -0.03326   0.00000   0.08959  -0.00278   0.02222
   2     1     6  -0.15452   0.20490   0.00184   0.17684   0.01476
   3     1     6  -0.00678  -0.00000   0.08488   0.00215  -0.03631
   1     2     1   0.06605   0.00061   0.22242   0.00629  -0.04447
   2     2     1  -0.30197   0.20764   0.01068   0.15825   0.12512
   3     2     1  -0.06328  -0.00061   0.22662  -0.00793   0.00821
   1     3     1   0.07845  -0.00061   0.22232  -0.00342  -0.04529
   2     3     1   0.02070   0.20764  -0.00720   0.17698  -0.09715
   3     3     1  -0.07568   0.00061   0.22672   0.00178   0.00902
   1     4     6   0.04018   0.09621  -0.07495   0.09780   0.07932
   2     4     6  -0.01525   0.09621  -0.14545   0.01239   0.01275
   3     4     6   0.11722   0.09621  -0.08527   0.10861  -0.04903
   1     5     1   0.05945   0.09984  -0.02417   0.14273   0.19877
   2     5     1   0.15379   0.09984  -0.22448  -0.09991   0.00964
   3     5     1  -0.07169   0.09984  -0.05351   0.17346  -0.16587
   1     6     6  -0.15523  -0.09621  -0.07708  -0.10802   0.06214
   2     6     6   0.04944   0.09621   0.14570   0.01133  -0.01077
   3     6     6  -0.07819  -0.09621  -0.08741  -0.09720  -0.06620
   1     7     1   0.00985  -0.09984  -0.02745  -0.17317   0.17240
   2     7     1   0.17021   0.09984   0.22239  -0.10153  -0.02645
   3     7     1  -0.12129  -0.09984  -0.05679  -0.14243  -0.19223
   1     8     6  -0.05976  -0.00000   0.06340   0.03580   0.05680
   2     8     6   0.02340   0.00000  -0.03211  -0.07989  -0.03338
   3     8     6   0.09942  -0.20490  -0.11505  -0.01005   0.13474
   1     9     1   0.09619   0.00061   0.11177   0.16931   0.10164
   2     9     1   0.09043   0.00061  -0.13405  -0.12846  -0.13045
   3     9     1   0.31201  -0.20764  -0.16846   0.07420   0.08323
   1    10     1   0.10417  -0.00061   0.10545   0.16875   0.10904
   2    10     1   0.09841  -0.00061  -0.14037  -0.12901  -0.12305
   3    10     1  -0.13103  -0.20764  -0.04963  -0.09325   0.17220
   1    11     6  -0.04827   0.20490  -0.13511   0.01096  -0.11454
   2    11     6  -0.00120   0.00000   0.02576  -0.08010  -0.03805
   3    11     6   0.04432   0.00000   0.05320  -0.03623  -0.06622
   1    12     1   0.23347   0.20764  -0.07595   0.09371  -0.16206
   2    12     1   0.12229  -0.00061   0.11786  -0.12995  -0.14391
   3    12     1  -0.12528   0.00061   0.08536  -0.16945  -0.12445
   1    13     1  -0.32133   0.20764  -0.18017  -0.07293  -0.05507
   2    13     1   0.11842   0.00061   0.11044  -0.12935  -0.15020
   3    13     1  -0.12141  -0.00061   0.09278  -0.17005  -0.11817
   1    14     6  -0.02950   0.09621   0.05682  -0.09632  -0.09469
   2    14     6  -0.07629  -0.09621   0.01180  -0.00036   0.14606
   3    14     6   0.05619  -0.09621   0.07197   0.09586   0.08428
   1    15     1   0.04176   0.09984   0.17807  -0.15521  -0.06830
   2    15     1   0.13830  -0.09984   0.01687  -0.11949   0.21425
   3    15     1  -0.08719  -0.09984   0.18784   0.15388   0.03874
   1    16     6   0.06238  -0.00000   0.03636  -0.00743   0.08456
   2    16     6  -0.15452  -0.20490   0.00184   0.17684   0.01476
   3    16     6  -0.05321   0.00000   0.02237   0.00722  -0.08931
   1    17     1  -0.03475  -0.00061  -0.00879  -0.01391   0.22631
   2    17     1  -0.08475  -0.20764   0.11326   0.16721   0.00498
   3    17     1  -0.02674  -0.00061  -0.04479   0.02381  -0.22117
   1    18     1  -0.02235   0.00061  -0.00889  -0.02362   0.22550
   2    18     1  -0.19652  -0.20764  -0.10978   0.16802   0.02300
   3    18     1  -0.01434   0.00061  -0.04489   0.01410  -0.22198
   1    19     6   0.08888  -0.00000   0.06255  -0.04602   0.04998
   2    19     6   0.06983  -0.00000   0.03040  -0.08496   0.01962
   3    19     6   0.09942   0.20490  -0.11505  -0.01005   0.13474
   1    20     1  -0.06047  -0.00061   0.10808  -0.18608   0.07199
   2    20     1   0.04948   0.00061   0.13115  -0.15104   0.10713
   3    20     1  -0.02558   0.20764  -0.17010  -0.08348   0.07007
   1    21     1  -0.05249   0.00061   0.10176  -0.18663   0.07938
   2    21     1   0.04150  -0.00061   0.13747  -0.15048   0.09973
   3    21     1   0.20656   0.20764  -0.04800   0.06442   0.18536
   1    22     6  -0.04827  -0.20490  -0.13511   0.01096  -0.11454
   2    22     6   0.09444  -0.00000  -0.02747  -0.08475   0.02430
   3    22     6  -0.10432   0.00000   0.05405   0.04560  -0.05939
   1    23     1   0.01626  -0.20764  -0.17853   0.08475  -0.04192
   2    23     1   0.02149   0.00061  -0.11334  -0.15015   0.12688
   3    23     1   0.03526   0.00061   0.09647   0.18533  -0.08851
   1    24     1  -0.10411  -0.20764  -0.07759  -0.06397  -0.17522
   2    24     1   0.01762  -0.00061  -0.12076  -0.14954   0.12059
   3    24     1   0.03138  -0.00061   0.08905   0.18593  -0.09480
   1    25     6   0.16591  -0.09621   0.05895   0.10949  -0.07751
   2    25     6   0.11048  -0.09621  -0.01155   0.02409  -0.14408
   3    25     6  -0.13922   0.09621   0.06984  -0.10996   0.06711
   1    26     1   0.09136  -0.09984   0.18135   0.16068  -0.04193
   2    26     1   0.18571  -0.09984  -0.01896  -0.08195  -0.23106
   3    26     1  -0.13679   0.09984   0.18456  -0.16201   0.01238
                               16        17        18        19        20
                                E         E        T1        T1        T1
        Frequencies ---  916.0250  916.0250  919.8538  919.8538  919.8538
     Reduced masses ---    2.3837    2.3837    1.6343    1.6343    1.6343
    Force constants ---    1.1784    1.1784    0.8148    0.8148    0.8148
     IR Intensities ---    0.0000    0.0000    0.0000    0.0000    0.0000
 Coord Atom Element:
   1     1     6  -0.00000   0.00000   0.04724   0.06772   0.07977
   2     1     6   0.11485   0.06555   0.00000   0.00000   0.00000
   3     1     6   0.00000  -0.00000   0.04576  -0.00518  -0.10516
   1     2     1  -0.05986   0.12535   0.01939  -0.02509  -0.13243
   2     2     1   0.09463   0.05401   0.00326   0.16117   0.40884
   3     2     1  -0.07748   0.11530   0.02135   0.07191   0.11365
   1     3     1   0.05986  -0.12535   0.02931  -0.03784  -0.12748
   2     3     1   0.09463   0.05401  -0.00326  -0.16117  -0.40884
   3     3     1   0.07748  -0.11530   0.03127   0.05916   0.11859
   1     4     6   0.09505  -0.05551  -0.02669   0.01454   0.01205
   2     4     6  -0.09560  -0.05456   0.02646   0.01779  -0.00723
   3     4     6   0.00055   0.11008   0.00023  -0.03234  -0.00483
   1     5     1   0.26663  -0.15572   0.06069  -0.03307  -0.02741
   2     5     1  -0.26817  -0.15305  -0.06017  -0.04046   0.01643
   3     5     1   0.00154   0.30877  -0.00052   0.07353   0.01098
   1     6     6  -0.09505   0.05551   0.00047  -0.02035   0.02559
   2     6     6  -0.09560  -0.05456  -0.02646  -0.01779   0.00723
   3     6     6  -0.00055  -0.11008  -0.02693   0.00255  -0.01836
   1     7     1  -0.26663   0.15572  -0.00107   0.04626  -0.05819
   2     7     1  -0.26817  -0.15305   0.06017   0.04046  -0.01643
   3     7     1  -0.00154  -0.30877   0.06124  -0.00580   0.04176
   1     8     6   0.00000  -0.00000  -0.04663  -0.09382  -0.04695
   2     8     6   0.00000  -0.00000   0.04802  -0.10278   0.01760
   3     8     6   0.00066   0.13224  -0.00000  -0.00000  -0.00000
   1     9     1  -0.13859  -0.00945  -0.02192   0.13431  -0.00493
   2     9     1   0.13849  -0.01083   0.02007   0.12730   0.04398
   3     9     1   0.00054   0.10896  -0.00307   0.43465   0.06488
   1    10     1   0.13859   0.00945  -0.03150   0.13218   0.00882
   2    10     1  -0.13849   0.01083   0.02965   0.12942   0.03023
   3    10     1   0.00054   0.10896   0.00307  -0.43465  -0.06488
   1    11     6  -0.11419   0.06669  -0.00000  -0.00000  -0.00000
   2    11     6  -0.00000  -0.00000  -0.04833   0.08740  -0.05661
   3    11     6  -0.00000   0.00000  -0.04547  -0.03630   0.09897
   1    12     1  -0.09409   0.05495   0.00633  -0.27348   0.34396
   2    12     1  -0.06111  -0.12475  -0.02852  -0.07382   0.11081
   3    12     1  -0.07863  -0.11452  -0.03233   0.09078  -0.09621
   1    13     1  -0.09409   0.05495  -0.00633   0.27348  -0.34396
   2    13     1   0.06111   0.12475  -0.01877  -0.06294   0.11929
   3    13     1   0.07863   0.11452  -0.02258   0.10166  -0.08773
   1    14     6   0.09505  -0.05551   0.02669  -0.01454  -0.01205
   2    14     6   0.09560   0.05456  -0.00024  -0.01199  -0.03042
   3    14     6  -0.00055  -0.11008   0.02693  -0.00255   0.01836
   1    15     1   0.26663  -0.15572  -0.06069   0.03307   0.02741
   2    15     1   0.26817   0.15305   0.00055   0.02726   0.06916
   3    15     1  -0.00154  -0.30877  -0.06124   0.00580  -0.04176
   1    16     6  -0.00000   0.00000   0.08086   0.07517   0.03149
   2    16     6  -0.11485  -0.06555  -0.00000  -0.00000  -0.00000
   3    16     6  -0.00000   0.00000   0.08001   0.03302  -0.07542
   1    17     1   0.05986  -0.12535  -0.11176  -0.05413   0.05587
   2    17     1  -0.09463  -0.05401   0.35566   0.23919  -0.09712
   3    17     1  -0.07748   0.11530  -0.10230  -0.08984   0.00258
   1    18     1  -0.05986   0.12535  -0.10184  -0.06688   0.06082
   2    18     1  -0.09463  -0.05401  -0.35566  -0.23919   0.09712
   3    18     1   0.07748  -0.11530  -0.11223  -0.07709  -0.00236
   1    19     6   0.00000  -0.00000  -0.08147  -0.04907  -0.06431
   2    19     6  -0.00000   0.00000   0.08227  -0.06458   0.04734
   3    19     6  -0.00066  -0.13224   0.00000   0.00000  -0.00000
   1    20     1   0.13859   0.00945   0.11395  -0.04022   0.06278
   2    20     1   0.13849  -0.01083  -0.10393  -0.01958  -0.08578
   3    20     1  -0.00054  -0.10896   0.36199  -0.03429   0.24683
   1    21     1  -0.13859  -0.00945   0.10436  -0.04234   0.07654
   2    21     1  -0.13849   0.01083  -0.11351  -0.02170  -0.07203
   3    21     1  -0.00054  -0.10896  -0.36199   0.03429  -0.24683
   1    22     6   0.11419  -0.06669   0.00000   0.00000   0.00000
   2    22     6  -0.00000  -0.00000  -0.08196   0.07996  -0.00833
   3    22     6  -0.00000  -0.00000  -0.08030   0.00845   0.08161
   1    23     1   0.09409  -0.05495   0.35873  -0.19546  -0.16201
   2    23     1   0.06111   0.12475   0.10263  -0.04479  -0.07749
   3    23     1  -0.07863  -0.11452   0.11329  -0.07286  -0.02002
   1    24     1   0.09409  -0.05495  -0.35873   0.19546   0.16201
   2    24     1  -0.06111  -0.12475   0.11238  -0.03390  -0.06902
   3    24     1   0.07863   0.11452   0.10353  -0.08374  -0.02849
   1    25     6  -0.09505   0.05551  -0.00047   0.02035  -0.02559
   2    25     6   0.09560   0.05456   0.00024   0.01199   0.03042
   3    25     6   0.00055   0.11008  -0.00023   0.03234   0.00483
   1    26     1  -0.26663   0.15572   0.00107  -0.04626   0.05819
   2    26     1   0.26817   0.15305  -0.00055  -0.02726  -0.06916
   3    26     1   0.00154   0.30877   0.00052  -0.07353  -0.01098
                               21        22        23        24        25
                               T2        T2        T2        T1        T1
        Frequencies ---  994.1528  994.1528  994.1528 1069.1490 1069.1491
     Reduced masses ---    2.3123    2.3123    2.3123    2.1938    2.1938
    Force constants ---    1.3465    1.3465    1.3465    1.4775    1.4775
     IR Intensities ---    0.0000    0.0000    0.0000    0.0000    0.0000
 Coord Atom Element:
   1     1     6   0.04239   0.08664  -0.07606  -0.09371  -0.06219
   2     1     6   0.10094  -0.00150   0.05456   0.00000  -0.00000
   3     1     6  -0.03678   0.09352   0.07063  -0.08467  -0.02285
   1     2     1  -0.01264   0.21992   0.04990  -0.24666   0.19269
   2     2     1   0.21362  -0.01263  -0.19851  -0.01998  -0.08693
   3     2     1   0.02619   0.21531  -0.06301  -0.25937   0.13737
   1     3     1  -0.02976   0.22017   0.04064   0.07570  -0.22493
   2     3     1  -0.04876   0.01018   0.28760   0.01998   0.08693
   3     3     1   0.04331   0.21506  -0.05376   0.06298  -0.28026
   1     4     6   0.01502  -0.07171  -0.05127   0.10290  -0.00287
   2     4     6  -0.07808  -0.01330  -0.04152  -0.09732  -0.04639
   3     4     6  -0.03734  -0.06716   0.04574  -0.00558   0.04926
   1     5     1   0.10023  -0.10379  -0.11085   0.03314  -0.00092
   2     5     1  -0.15174   0.05430  -0.08445  -0.03134  -0.01494
   3     5     1  -0.04150  -0.09147   0.15171  -0.00180   0.01586
   1     6     6   0.03301  -0.07198  -0.04155   0.01007   0.11738
   2     6     6  -0.07718   0.01560  -0.04239   0.09732   0.04639
   3     6     6  -0.01935  -0.06742   0.05547   0.08724  -0.07099
   1     7     1   0.03545  -0.10283  -0.14586   0.00324   0.03780
   2     7     1  -0.15498  -0.04975  -0.08132   0.03134   0.01494
   3     7     1  -0.10627  -0.09051   0.11670   0.02809  -0.02286
   1     8     6  -0.10946   0.00511  -0.05549   0.08157  -0.07929
   2     8     6   0.04269  -0.09035  -0.07143  -0.07835   0.05084
   3     8     6   0.04103   0.07772  -0.07379  -0.00000   0.00000
   1     9     1  -0.16367   0.13884   0.07036   0.27623   0.15185
   2     9     1   0.20390  -0.09178   0.03185  -0.28076  -0.11184
   3     9     1   0.14415   0.20470   0.15004  -0.00712   0.06287
   1    10     1  -0.15671   0.15202   0.05784  -0.11610  -0.24584
   2    10     1   0.21086  -0.07860   0.01933   0.11157   0.28584
   3    10     1  -0.07714  -0.07778  -0.27055   0.00712  -0.06287
   1    11     6  -0.03599   0.08441   0.06890   0.00000  -0.00000
   2    11     6   0.04808   0.08306  -0.07665   0.09722   0.03126
   3    11     6   0.10967   0.00163   0.05528   0.09140  -0.03653
   1    12     1   0.07267  -0.06600   0.27488  -0.01286  -0.14980
   2    12     1   0.21537   0.06637   0.01496  -0.04878  -0.01264
   3    12     1   0.16575   0.13824  -0.06659  -0.04060   0.08269
   1    13     1  -0.13144   0.20386  -0.16236   0.01286   0.14980
   2    13     1   0.20927   0.08069   0.02665   0.23481  -0.08810
   3    13     1   0.17185   0.12392  -0.07827   0.24299   0.00722
   1    14     6   0.04033  -0.05813  -0.05470  -0.10290   0.00287
   2    14     6  -0.08449   0.00175  -0.02924  -0.01566  -0.06812
   3    14     6  -0.04376  -0.05211   0.05802  -0.08724   0.07099
   1    15     1   0.00912  -0.15270  -0.09851  -0.03314   0.00092
   2    15     1  -0.12865   0.00013  -0.12867  -0.00504  -0.02194
   3    15     1  -0.01840  -0.14564   0.10750  -0.02809   0.02286
   1    16     6  -0.04538  -0.07962   0.08179   0.04245   0.07583
   2    16     6   0.10094  -0.00150   0.05456  -0.00000   0.00000
   3    16     6   0.04020  -0.08706  -0.07676   0.01375  -0.04904
   1    17     1  -0.09298   0.06775   0.19437  -0.18592   0.25427
   2    17     1   0.07383  -0.27740   0.05287   0.12419   0.05920
   3    17     1   0.11377   0.04978  -0.18866   0.10689  -0.29194
   1    18     1  -0.11010   0.06801   0.18511   0.13644  -0.16336
   2    18     1   0.09102   0.27495   0.03623  -0.12419  -0.05920
   3    18     1   0.09665   0.05003  -0.19792  -0.21547   0.12569
   1    19     6   0.10647   0.00191   0.06122  -0.03031   0.06565
   2    19     6  -0.03429   0.09023   0.07596   0.02008   0.02465
   3    19     6   0.04103   0.07772  -0.07379   0.00000  -0.00000
   1    20     1   0.03397   0.13591   0.17717   0.22632   0.21651
   2    20     1   0.14040   0.08668   0.15424   0.15548   0.27416
   3    20     1  -0.19974   0.20980  -0.03582   0.11133  -0.09060
   1    21     1   0.04093   0.14909   0.16466  -0.16601  -0.18118
   2    21     1   0.13344   0.07349   0.16675  -0.23686  -0.12353
   3    21     1   0.26675  -0.08288  -0.08469  -0.11133   0.09060
   1    22     6  -0.03599   0.08441   0.06890  -0.00000   0.00000
   2    22     6  -0.03969  -0.08319   0.08119  -0.03895  -0.10676
   3    22     6  -0.10626   0.00483  -0.06142  -0.02048   0.10841
   1    23     1   0.21245   0.19876   0.02350   0.13131  -0.00366
   2    23     1   0.13504  -0.08580   0.15943  -0.10953  -0.07421
   3    23     1  -0.02579   0.12685  -0.18509   0.19309   0.07188
   1    24     1  -0.27122  -0.06090   0.08902  -0.13131   0.00366
   2    24     1   0.12893  -0.07148   0.17112   0.17407  -0.14968
   3    24     1  -0.03190   0.14117  -0.17340  -0.09051   0.14735
   1    25     6   0.02234  -0.05786  -0.06442  -0.01007  -0.11738
   2    25     6  -0.07077   0.00055  -0.05467   0.01566   0.06812
   3    25     6  -0.02577  -0.05238   0.06775   0.00558  -0.04926
   1    26     1   0.07390  -0.15367  -0.06350  -0.00324  -0.03780
   2    26     1  -0.17807   0.00442  -0.03710   0.00504   0.02194
   3    26     1  -0.08318  -0.14468   0.07249   0.00180  -0.01586
                               26        27        28        29        30
                               T1        A1        T2        T2        T2
        Frequencies --- 1069.1491 1071.1966 1150.1714 1150.1714 1150.1714
     Reduced masses ---    2.1938    6.3558    1.7700    1.7700    1.7700
    Force constants ---    1.4775    4.2969    1.3796    1.3796    1.3796
     IR Intensities ---    0.0000    0.0000    0.0000    0.0000    0.0000
 Coord Atom Element:
   1     1     6  -0.01730   0.00000  -0.05357  -0.00098  -0.08274
   2     1     6  -0.00000  -0.15351  -0.01283   0.00623   0.00823
   3     1     6  -0.07251   0.00000   0.02233  -0.05657   0.07758
   1     2     1   0.03736  -0.01726  -0.02171  -0.11473   0.04454
   2     2     1   0.12199  -0.11536  -0.14006   0.09704  -0.23421
   3     2     1   0.11499   0.01726  -0.08041  -0.07336  -0.06141
   1     3     1  -0.20747   0.01726  -0.02826  -0.11156   0.04874
   2     3     1  -0.12199  -0.11536   0.09532  -0.07533   0.26292
   3     3     1  -0.12984  -0.01726  -0.07386  -0.07654  -0.06561
   1     4     6  -0.05855   0.16959   0.06983  -0.02778   0.04282
   2     4     6  -0.04900   0.16959  -0.07664  -0.03090   0.02557
   3     4     6   0.10754   0.16959   0.00959   0.01633  -0.08440
   1     5     1  -0.01885   0.16996   0.27807  -0.07089   0.18760
   2     5     1  -0.01578   0.16996  -0.31081  -0.08344   0.11823
   3     5     1   0.03463   0.16996   0.03589   0.10648  -0.32391
   1     6     6   0.01195  -0.16959   0.00205   0.00511   0.08632
   2     6     6   0.04900   0.16959  -0.01812   0.07689   0.03524
   3     6     6   0.03705  -0.16959  -0.05819   0.04923  -0.04090
   1     7     1   0.00385  -0.16996   0.04488   0.04229   0.33725
   2     7     1   0.01578   0.16996  -0.10948   0.28741   0.15150
   3     7     1   0.01193  -0.16996  -0.19731   0.21965  -0.17425
   1     8     6   0.00290   0.00000  -0.02249  -0.05236  -0.08043
   2     8     6  -0.06501  -0.00000   0.04273  -0.05097  -0.07275
   3     8     6   0.00000   0.15351   0.00078   0.01369  -0.00913
   1     9     1  -0.00228  -0.01726  -0.11334   0.03672   0.03774
   2     9     1   0.08961  -0.01726   0.09983   0.04126   0.06285
   3     9     1   0.13724   0.11536  -0.03002   0.18407   0.22159
   1    10     1   0.15954   0.01726  -0.11374   0.02974   0.04240
   2    10     1  -0.07220   0.01726   0.09943   0.03428   0.06751
   3    10     1  -0.13724   0.11536   0.03276  -0.13636  -0.25342
   1    11     6  -0.00000  -0.15351   0.01029   0.00672   0.01096
   2    11     6  -0.05021   0.00000   0.07132   0.00168  -0.06803
   3    11     6  -0.05711   0.00000  -0.03734  -0.05784   0.07055
   1    12     1  -0.01525  -0.11536  -0.15053  -0.08057   0.23396
   2    12     1  -0.31117   0.01726   0.02082  -0.11051   0.05452
   3    12     1  -0.30147  -0.01726   0.09023  -0.07304  -0.04628
   1    13     1   0.01525  -0.11536   0.18642   0.10400  -0.19575
   2    13     1   0.19097  -0.01726   0.01557  -0.11394   0.04893
   3    13     1   0.20067   0.01726   0.09548  -0.06961  -0.04069
   1    14     6   0.05855   0.16959   0.00619   0.07741   0.03810
   2    14     6   0.09559  -0.16959  -0.02226   0.00460   0.08346
   3    14     6  -0.03705  -0.16959   0.06397   0.05183  -0.02651
   1    15     1   0.01885   0.16996   0.05912   0.29101   0.17135
   2    15     1   0.03078  -0.16996  -0.12372   0.03870   0.31739
   3    15     1  -0.01193  -0.16996   0.22298   0.22861  -0.12475
   1    16     6  -0.07346  -0.00000  -0.05762  -0.07161  -0.03563
   2    16     6   0.00000   0.15351  -0.01283   0.00623   0.00823
   3    16     6   0.10176   0.00000  -0.03080  -0.09125   0.02102
   1    17     1   0.01230   0.01726  -0.01019   0.08646  -0.08966
   2    17     1   0.06253   0.11536  -0.15945  -0.24165  -0.00829
   3    17     1  -0.05210   0.01726   0.07748   0.02226   0.09550
   1    18     1  -0.23252  -0.01726  -0.01674   0.08964  -0.08546
   2    18     1  -0.06253   0.11536   0.11471   0.26336   0.03700
   3    18     1   0.19273  -0.01726   0.07093   0.02543   0.09970
   1    19     6   0.08787  -0.00000  -0.08871  -0.02022  -0.03793
   2    19     6   0.10926  -0.00000   0.09586  -0.01629  -0.01619
   3    19     6  -0.00000  -0.15351   0.00078   0.01369  -0.00913
   1    20     1   0.03563   0.01726   0.07530  -0.05483  -0.08332
   2    20     1   0.00554  -0.01726  -0.05191  -0.06452  -0.09360
   3    20     1   0.04728  -0.11536   0.28753   0.02996   0.01779
   1    21     1   0.19744  -0.01726   0.07490  -0.06181  -0.07866
   2    21     1   0.16735   0.01726  -0.05151  -0.05753  -0.09826
   3    21     1  -0.04728  -0.11536  -0.28480   0.01776  -0.04962
   1    22     6   0.00000   0.15351   0.01029   0.00672   0.01096
   2    22     6   0.00595   0.00000   0.06727  -0.06895  -0.02092
   3    22     6   0.02786  -0.00000   0.02888  -0.08998   0.02805
   1    23     1  -0.07471   0.11536  -0.13113   0.25812   0.00805
   2    23     1  -0.28612  -0.01726   0.03234   0.09068  -0.07968
   3    23     1   0.23858  -0.01726  -0.09315   0.02194   0.08037
   1    24     1   0.07471   0.11536   0.16703  -0.23469   0.03016
   2    24     1   0.21602   0.01726   0.02709   0.08725  -0.08527
   3    24     1  -0.26356   0.01726  -0.09841   0.01851   0.07478
   1    25     6  -0.01195  -0.16959   0.07397   0.04451  -0.00540
   2    25     6  -0.09559  -0.16959  -0.07250   0.04139  -0.02265
   3    25     6  -0.10754   0.16959  -0.00381   0.08473   0.01699
   1    26     1  -0.00385  -0.16996   0.29231   0.17783   0.02170
   2    26     1  -0.03078  -0.16996  -0.29657   0.16528  -0.04767
   3    26     1  -0.03463   0.16996  -0.01022   0.34179   0.02491
                               31        32        33        34        35
                               T1        T1        T1        A2         E
        Frequencies --- 1185.6812 1185.6812 1185.6812 1190.2846 1295.9855
     Reduced masses ---    1.0104    1.0104    1.0104    1.0078    1.0313
    Force constants ---    0.8369    0.8369    0.8369    0.8413    1.0205
     IR Intensities ---    0.0000    0.0000    0.0000    0.0000    0.0000
 Coord Atom Element:
   1     1     6   0.00406  -0.00375  -0.00408  -0.00000  -0.00000
   2     1     6   0.00000  -0.00000  -0.00000  -0.00000   0.02343
   3     1     6  -0.00116   0.00445  -0.00510  -0.00000  -0.00000
   1     2     1  -0.13312  -0.05438   0.18621   0.20412  -0.09737
   2     2     1   0.01182  -0.01857   0.00232  -0.00000   0.03277
   3     2     1  -0.12676  -0.06437   0.18746   0.20412  -0.09167
   1     3     1  -0.00599   0.03237   0.23296  -0.20412   0.09737
   2     3     1  -0.01182   0.01857  -0.00232   0.00000   0.03277
   3     3     1   0.00037   0.02238   0.23420  -0.20412   0.09167
   1     4     6   0.00047   0.00254   0.00209   0.00000  -0.00365
   2     4     6   0.00100   0.00024  -0.00316  -0.00000   0.00402
   3     4     6  -0.00147  -0.00278   0.00107  -0.00000  -0.00037
   1     5     1  -0.05279  -0.28482  -0.23417  -0.00000  -0.21245
   2     5     1  -0.11186  -0.02697   0.35427   0.00000   0.23383
   3     5     1   0.16465   0.31179  -0.12010   0.00000  -0.02137
   1     6     6  -0.00324   0.00001   0.00072  -0.00000   0.00365
   2     6     6  -0.00100  -0.00024   0.00316   0.00000   0.00402
   3     6     6   0.00224  -0.00025   0.00243   0.00000   0.00037
   1     7     1   0.36356  -0.00072  -0.08108   0.00000   0.21245
   2     7     1   0.11186   0.02697  -0.35427  -0.00000   0.23383
   3     7     1  -0.25169   0.02768  -0.27319  -0.00000   0.02137
   1     8     6   0.00542   0.00374   0.00196   0.00000  -0.00000
   2     8     6  -0.00110   0.00445  -0.00512   0.00000   0.00000
   3     8     6  -0.00000  -0.00000   0.00000   0.00000   0.00214
   1     9     1  -0.19942   0.05504  -0.11204  -0.20412  -0.22049
   2     9     1   0.19416  -0.06501   0.11588   0.20412   0.22101
   3     9     1  -0.00979  -0.01853   0.00714  -0.00000   0.00300
   1    10     1  -0.10452  -0.03215  -0.20831   0.20412   0.22049
   2    10     1   0.09926   0.02219   0.21215  -0.20412  -0.22101
   3    10     1   0.00979   0.01853  -0.00714   0.00000   0.00300
   1    11     6  -0.00000  -0.00000  -0.00000  -0.00000  -0.02129
   2    11     6  -0.00409   0.00370   0.00410   0.00000   0.00000
   3    11     6   0.00546   0.00368   0.00197   0.00000  -0.00000
   1    12     1   0.02161  -0.00004  -0.00482   0.00000  -0.02978
   2    12     1  -0.03880  -0.11718  -0.20029   0.20412  -0.12882
   3    12     1  -0.05042  -0.11716  -0.19770   0.20412  -0.12364
   1    13     1  -0.02161   0.00004   0.00482  -0.00000  -0.02978
   2    13     1  -0.01222  -0.22084  -0.08019  -0.20412   0.12882
   3    13     1  -0.02384  -0.22082  -0.07760  -0.20412   0.12364
   1    14     6  -0.00047  -0.00254  -0.00209  -0.00000  -0.00365
   2    14     6   0.00177  -0.00278   0.00035  -0.00000  -0.00402
   3    14     6  -0.00224   0.00025  -0.00243  -0.00000   0.00037
   1    15     1   0.05279   0.28482   0.23417   0.00000  -0.21245
   2    15     1  -0.19891   0.31251  -0.03902   0.00000  -0.23383
   3    15     1   0.25169  -0.02768   0.27319   0.00000   0.02137
   1    16     6  -0.00405   0.00370   0.00415   0.00000  -0.00000
   2    16     6   0.00000   0.00000   0.00000   0.00000  -0.02343
   3    16     6   0.00111  -0.00440   0.00516   0.00000   0.00000
   1    17     1   0.05624  -0.22837  -0.00588  -0.20412   0.09737
   2    17     1  -0.00665  -0.00160   0.02105   0.00000  -0.03277
   3    17     1  -0.05267   0.22924  -0.00544   0.20412  -0.09167
   1    18     1   0.18338  -0.14162   0.04086   0.20412  -0.09737
   2    18     1   0.00665   0.00160  -0.02105  -0.00000  -0.03277
   3    18     1  -0.17980   0.14248  -0.05219  -0.20412   0.09167
   1    19     6  -0.00544  -0.00368  -0.00203  -0.00000   0.00000
   2    19     6   0.00117  -0.00440   0.00514   0.00000   0.00000
   3    19     6   0.00000  -0.00000   0.00000  -0.00000  -0.00214
   1    20     1   0.05427   0.22816  -0.01876   0.20412   0.22049
   2    20     1   0.04622   0.22904  -0.02749   0.20412   0.22101
   3    20     1   0.01496  -0.00165   0.01624   0.00000  -0.00300
   1    21     1   0.14917   0.14096  -0.11503  -0.20412  -0.22049
   2    21     1   0.14112   0.14185  -0.12376  -0.20412  -0.22101
   3    21     1  -0.01496   0.00165  -0.01624  -0.00000  -0.00300
   1    22     6   0.00000   0.00000   0.00000  -0.00000   0.02129
   2    22     6   0.00402  -0.00375  -0.00413   0.00000  -0.00000
   3    22     6  -0.00540  -0.00373  -0.00202  -0.00000   0.00000
   1    23     1   0.00314   0.01693   0.01392   0.00000   0.02978
   2    23     1  -0.22816   0.05681  -0.00820  -0.20412   0.12882
   3    23     1   0.22985  -0.04770   0.01568   0.20412  -0.12364
   1    24     1  -0.00314  -0.01693  -0.01392  -0.00000   0.02978
   2    24     1  -0.20158  -0.04685   0.11190   0.20412  -0.12882
   3    24     1   0.20327   0.05596  -0.10441  -0.20412   0.12364
   1    25     6   0.00324  -0.00001  -0.00072   0.00000   0.00365
   2    25     6  -0.00177   0.00278  -0.00035  -0.00000  -0.00402
   3    25     6   0.00147   0.00278  -0.00107   0.00000  -0.00037
   1    26     1  -0.36356   0.00072   0.08108  -0.00000   0.21245
   2    26     1   0.19891  -0.31251   0.03902  -0.00000  -0.23383
   3    26     1  -0.16465  -0.31179   0.12010  -0.00000  -0.02137
                               36        37        38        39        40
                                E        T1        T1        T1        T2
        Frequencies --- 1295.9855 1347.6641 1347.6641 1347.6641 1358.9694
     Reduced masses ---    1.0313    1.4717    1.4717    1.4717    1.7565
    Force constants ---    1.0205    1.5748    1.5748    1.5748    1.9112
     IR Intensities ---    0.0000    0.0000    0.0000    0.0000    0.0000
 Coord Atom Element:
   1     1     6  -0.00000  -0.03749   0.05104  -0.01259  -0.06225
   2     1     6  -0.01105   0.00000   0.00000  -0.00000  -0.01961
   3     1     6  -0.00000  -0.02672   0.01875  -0.05571  -0.01118
   1     2     1  -0.19899  -0.20424  -0.24881   0.11528   0.13395
   2     2     1  -0.01546  -0.01460   0.04377   0.05845  -0.08771
   3     2     1  -0.20168  -0.21040  -0.23035   0.13993   0.10580
   1     3     1   0.19899   0.32440   0.10641  -0.01864   0.14465
   2     3     1  -0.01546   0.01460  -0.04377  -0.05845   0.07135
   3     3     1   0.20168   0.31824   0.12487   0.00602   0.09510
   1     4     6  -0.00253  -0.01611  -0.07816   0.00362   0.09159
   2     4     6  -0.00190  -0.04388   0.04770  -0.04669   0.02208
   3     4     6   0.00443   0.05999   0.03045   0.04307  -0.02247
   1     5     1  -0.14734  -0.00188  -0.00912   0.00042  -0.22516
   2     5     1  -0.11032  -0.00512   0.00557  -0.00545   0.06454
   3     5     1   0.25766   0.00700   0.00355   0.00503   0.25021
   1     6     6   0.00253   0.07565  -0.01650  -0.01963   0.09715
   2     6     6  -0.00190   0.04388  -0.04770   0.04669   0.03746
   3     6     6  -0.00443  -0.03177  -0.03121   0.06632  -0.01692
   1     7     1   0.14734   0.00883  -0.00193  -0.00229  -0.33144
   2     7     1  -0.11032   0.00512  -0.00557   0.00545  -0.22953
   3     7     1  -0.25766  -0.00371  -0.00364   0.00774   0.14393
   1     8     6  -0.00000  -0.04387  -0.03330   0.03370  -0.05847
   2     8     6   0.00000   0.00262   0.01236  -0.06332  -0.00180
   3     8     6  -0.02581  -0.00000   0.00000  -0.00000   0.00724
   1     9     1  -0.02145  -0.11846   0.31919  -0.03155   0.11348
   2     9     1   0.01517   0.14205  -0.30721   0.04849  -0.07158
   3     9     1  -0.03611   0.05592   0.02839   0.04015   0.09687
   1    10     1   0.02145   0.22460  -0.22614  -0.12380   0.11743
   2    10     1  -0.01517  -0.20101   0.23811   0.14074  -0.06763
   3    10     1  -0.03611  -0.05592  -0.02839  -0.04015  -0.09084
   1    11     6  -0.01476   0.00000  -0.00000  -0.00000  -0.06150
   2    11     6  -0.00000   0.01423  -0.06285  -0.00410  -0.01835
   3    11     6  -0.00000  -0.03780  -0.05150   0.00939   0.00160
   1    12     1  -0.02065  -0.07052   0.01538   0.01830   0.00541
   2    12     1   0.18022   0.08733   0.10260   0.31426   0.05170
   3    12     1   0.18382   0.11707   0.09611   0.30654   0.00298
   1    13     1  -0.02065   0.07052  -0.01538  -0.01830  -0.05672
   2    13     1  -0.18022  -0.07523   0.10694  -0.31593   0.01815
   3    13     1  -0.18382  -0.04548   0.10046  -0.32365   0.03653
   1    14     6  -0.00253   0.01611   0.07816  -0.00362   0.09510
   2    14     6   0.00190  -0.01567   0.04695   0.06270   0.03951
   3    14     6  -0.00443   0.03177   0.03121  -0.06632  -0.00505
   1    15     1  -0.14734   0.00188   0.00912  -0.00042  -0.29223
   2    15     1   0.11032  -0.00183   0.00548   0.00732  -0.26874
   3    15     1  -0.25766   0.00371   0.00364  -0.00774  -0.08306
   1    16     6  -0.00000   0.02655  -0.05075  -0.02981  -0.06666
   2    16     6   0.01105   0.00000   0.00000  -0.00000  -0.01961
   3    16     6   0.00000   0.00363   0.01794   0.06192   0.02634
   1    17     1   0.19899  -0.29330  -0.10724   0.13923   0.16182
   2    17     1   0.01546   0.04091  -0.04447   0.04352  -0.07097
   3    17     1  -0.20168   0.27604   0.12600  -0.15758  -0.14185
   1    18     1  -0.19899   0.23534   0.24798   0.00531   0.17252
   2    18     1   0.01546  -0.04091   0.04447  -0.04352   0.05461
   3    18     1   0.20168  -0.25260  -0.22922  -0.02367  -0.13115
   1    19     6   0.00000   0.05481   0.03301   0.00871  -0.07044
   2    19     6   0.00000   0.03296   0.01155   0.05431  -0.03931
   3    19     6   0.02581  -0.00000   0.00000  -0.00000   0.00724
   1    20     1   0.02145  -0.25570   0.22697   0.00321   0.18904
   2    20     1   0.01517  -0.24321   0.23924  -0.02286   0.16931
   3    20     1   0.03611  -0.02962  -0.02909   0.06182   0.05149
   1    21     1  -0.02145   0.08736  -0.31835  -0.08904   0.19299
   2    21     1  -0.01517   0.09985  -0.30608  -0.11511   0.16537
   3    21     1   0.03611   0.02962   0.02909  -0.06182  -0.04545
   1    22     6   0.01476   0.00000  -0.00000  -0.00000  -0.06150
   2    22     6  -0.00000  -0.04981   0.03895   0.01312  -0.02276
   3    22     6   0.00000   0.06088   0.01481  -0.01560   0.01356
   1    23     1   0.02065  -0.01501  -0.07286   0.00337  -0.01133
   2    23     1  -0.18022   0.17639  -0.03897   0.29031   0.07958
   3    23     1   0.18382  -0.18272   0.00824  -0.28888  -0.03903
   1    24     1   0.02065   0.01501   0.07286  -0.00337  -0.03997
   2    24     1   0.18022   0.01383  -0.03462  -0.33988   0.04603
   3    24     1  -0.18382  -0.02016   0.00389   0.34130  -0.07258
   1    25     6   0.00253  -0.07565   0.01650   0.01963   0.08954
   2    25     6   0.00190   0.01567  -0.04695  -0.06270   0.02003
   3    25     6   0.00443  -0.05999  -0.03045  -0.04307   0.00051
   1    26     1   0.14734  -0.00883   0.00193   0.00229  -0.18595
   2    26     1   0.11032   0.00183  -0.00548  -0.00732   0.10374
   3    26     1   0.25766  -0.00700  -0.00355  -0.00503  -0.18934
                               41        42        43        44        45
                               T2        T2        T1        T1        T1
        Frequencies --- 1358.9694 1358.9694 1418.5442 1418.5442 1418.5442
     Reduced masses ---    1.7565    1.7565    1.3024    1.3024    1.3024
    Force constants ---    1.9112    1.9112    1.5441    1.5441    1.5441
     IR Intensities ---    0.0000    0.0000    0.0000    0.0000    0.0000
 Coord Atom Element:
   1     1     6   0.00453   0.03364   0.05466  -0.03162  -0.00654
   2     1     6   0.04516  -0.04238  -0.00000  -0.00000  -0.00000
   3     1     6   0.04527   0.05341   0.05819  -0.02077  -0.01456
   1     2     1  -0.05350  -0.14616  -0.24814   0.07444  -0.01744
   2     2     1  -0.04460  -0.04847  -0.00498  -0.01527   0.01130
   3     2     1  -0.10912  -0.13808  -0.25070   0.06658  -0.01162
   1     3     1  -0.07813  -0.12304  -0.19623   0.14090   0.09519
   2     3     1   0.08227   0.01312   0.00498   0.01527  -0.01130
   3     3     1  -0.08449  -0.16120  -0.19879   0.13304   0.10101
   1     4     6   0.02656  -0.02819   0.01617  -0.00789  -0.04843
   2     4     6  -0.06332   0.07344  -0.04620   0.02145   0.00864
   3     4     6  -0.06442  -0.07235   0.03004  -0.01355   0.03979
   1     5     1  -0.28439   0.07095  -0.10287   0.05024   0.30818
   2     5     1   0.09021  -0.35257   0.29399  -0.13648  -0.05497
   3     5     1   0.09479   0.25499  -0.19112   0.08625  -0.25321
   1     6     6   0.01377  -0.01618   0.04312   0.02662   0.01006
   2     6     6  -0.07375   0.05520   0.04620  -0.02145  -0.00864
   3     6     6  -0.07722  -0.06034   0.00308  -0.04807  -0.01870
   1     7     1  -0.03969  -0.15868  -0.27441  -0.16937  -0.06399
   2     7     1   0.28967  -0.00393  -0.29399   0.13648   0.05497
   3     7     1   0.33949   0.02535  -0.01958   0.30585   0.11896
   1     8     6  -0.02322   0.03269  -0.00781   0.06053   0.01746
   2     8     6   0.05007  -0.05016  -0.00029  -0.05687  -0.02820
   3     8     6   0.04582   0.04548   0.00000   0.00000   0.00000
   1     9     1   0.09694  -0.14103  -0.03926  -0.25183  -0.04958
   2     9     1  -0.14236   0.12952   0.04514   0.24918   0.05736
   3     9     1  -0.02271   0.04617   0.01142  -0.00515   0.01513
   1    10     1   0.12193  -0.11623   0.07491  -0.21578  -0.12348
   2    10     1  -0.11737   0.15432  -0.06904   0.21312   0.13126
   3    10     1   0.06093  -0.00824  -0.01142   0.00515  -0.01513
   1    11     6  -0.00901   0.01886   0.00000   0.00000   0.00000
   2    11     6   0.06130  -0.03054  -0.01392   0.01323   0.06051
   3    11     6   0.06179   0.03473  -0.02556   0.00605   0.05779
   1    12     1  -0.00299   0.10952  -0.01639  -0.01012  -0.00382
   2    12     1  -0.19831   0.01284   0.10586  -0.10012  -0.21492
   3    12     1  -0.20360  -0.02653   0.11429  -0.09491  -0.21295
   1    13     1  -0.00452  -0.09378   0.01639   0.01012   0.00382
   2    13     1  -0.20323   0.02313   0.04209   0.01854  -0.25554
   3    13     1  -0.19869  -0.03681   0.05053   0.02375  -0.25358
   1    14     6   0.00079  -0.02907  -0.01617   0.00789   0.04843
   2    14     6  -0.06077   0.06809  -0.01309  -0.04017   0.02974
   3    14     6  -0.06187  -0.07770  -0.00308   0.04807   0.01870
   1    15     1   0.20859   0.08774   0.10287  -0.05023  -0.30818
   2    15     1   0.04139  -0.25035   0.08329   0.25562  -0.18922
   3    15     1   0.04596   0.35721   0.01958  -0.30585  -0.11896
   1    16     6  -0.02342   0.00590  -0.00975  -0.05195   0.03515
   2    16     6   0.04516  -0.04238  -0.00000  -0.00000  -0.00000
   3    16     6   0.05076   0.04190   0.02222   0.04616  -0.03748
   1    17     1   0.12302   0.02904   0.03283   0.16316  -0.19929
   2    17     1   0.06142   0.05677   0.01756  -0.00815  -0.00328
   3    17     1  -0.11920  -0.08852  -0.04187  -0.15897   0.20098
   1    18     1   0.09839   0.05216   0.08474   0.22962  -0.08667
   2    18     1  -0.02376  -0.09212  -0.01756   0.00815   0.00328
   3    18     1  -0.14383  -0.06541  -0.09378  -0.22542   0.08836
   1    19     6   0.00433   0.00684  -0.03710   0.02304  -0.04607
   2    19     6   0.04458  -0.03866  -0.03627   0.01007  -0.05112
   3    19     6   0.04582   0.04548   0.00000  -0.00000  -0.00000
   1    20     1  -0.07703   0.02223   0.08848  -0.08828   0.22758
   2    20     1  -0.08266   0.08165   0.08788  -0.07888   0.23124
   3    20     1   0.08178  -0.05189   0.00117  -0.01827  -0.00711
   1    21     1  -0.05204   0.04703   0.20266  -0.05223   0.15368
   2    21     1  -0.10765   0.05684   0.20206  -0.04283   0.15734
   3    21     1  -0.04356   0.08983  -0.00117   0.01827   0.00711
   1    22     6  -0.00901   0.01886   0.00000  -0.00000  -0.00000
   2    22     6   0.03335  -0.05828   0.05048   0.03357   0.01882
   3    22     6   0.03424   0.06058  -0.05485  -0.03144  -0.00574
   1    23     1  -0.10902   0.00428   0.00615  -0.00300  -0.01841
   2    23     1  -0.02179   0.18804  -0.17511  -0.18884  -0.03306
   3    23     1  -0.02471  -0.20008   0.17827   0.18730   0.02359
   1    24     1   0.10150   0.01145  -0.00615   0.00300   0.01841
   2    24     1  -0.02671   0.19833  -0.23888  -0.07018  -0.07369
   3    24     1  -0.02963  -0.18979   0.24204   0.06863   0.06421
   1    25     6   0.01358  -0.04108  -0.04312  -0.02662  -0.01006
   2    25     6  -0.07631   0.06055   0.01309   0.04017  -0.02974
   3    25     6  -0.07466  -0.06569  -0.03004   0.01355  -0.03979
   1    26     1  -0.03611   0.31738   0.27441   0.16937   0.06399
   2    26     1   0.33850  -0.10615  -0.08329  -0.25562   0.18922
   3    26     1   0.29066   0.12757   0.19112  -0.08625   0.25321
                               46        47        48        49        50
                               T2        T2        T2         E         E
        Frequencies --- 1439.3805 1439.3805 1439.3805 1441.5524 1441.5524
     Reduced masses ---    1.3839    1.3839    1.3839    1.5030    1.5030
    Force constants ---    1.6893    1.6893    1.6893    1.8402    1.8402
     IR Intensities ---    0.0000    0.0000    0.0000    0.0000    0.0000
 Coord Atom Element:
   1     1     6   0.02692  -0.04239  -0.05253   0.00000   0.00000
   2     1     6   0.01533   0.01079  -0.00085   0.04502  -0.01580
   3     1     6   0.01648  -0.02852  -0.06478   0.00000   0.00000
   1     2     1  -0.09986   0.12928   0.21363   0.07773   0.16747
   2     2     1   0.06820   0.01433   0.01657   0.01243  -0.00436
   3     2     1  -0.06205   0.13525   0.22401   0.04402   0.17931
   1     3     1  -0.07220   0.14874   0.21210  -0.07773  -0.16747
   2     3     1   0.03508   0.05835  -0.02229   0.01243  -0.00436
   3     3     1  -0.08971   0.11579   0.22554  -0.04402  -0.17931
   1     4     6   0.00585   0.05185  -0.01934   0.06055   0.05200
   2     4     6  -0.03484   0.01087   0.04201  -0.07530   0.02644
   3     4     6   0.04725  -0.00315   0.02923   0.01476  -0.07843
   1     5     1   0.00820  -0.17624   0.24605  -0.22862  -0.19632
   2     5     1   0.26021   0.07759  -0.13395   0.28433  -0.09982
   3     5     1  -0.24824   0.16447  -0.05476  -0.05571   0.29615
   1     6     6  -0.05210   0.01107  -0.01613  -0.06055  -0.05200
   2     6     6  -0.00456  -0.03860  -0.03983  -0.07530   0.02644
   3     6     6  -0.01070  -0.04393   0.03244  -0.01476   0.07843
   1     7     1   0.18101  -0.05463   0.23648   0.22862   0.19632
   2     7     1   0.16991   0.22511   0.11012   0.28433  -0.09982
   3     7     1  -0.07543   0.28608  -0.06434   0.05571  -0.29615
   1     8     6   0.04186   0.03844  -0.04529   0.00000   0.00000
   2     8     6  -0.02757  -0.03149   0.05940  -0.00000  -0.00000
   3     8     6  -0.01053   0.01521   0.00318   0.00882  -0.04689
   1     9     1  -0.14595  -0.12011   0.19130   0.17729   0.05153
   2     9     1   0.11307   0.14079  -0.19929  -0.18390  -0.01642
   3     9     1  -0.05812   0.04021  -0.01168   0.00244  -0.01295
   1    10     1  -0.12697  -0.14754   0.18556  -0.17729  -0.05153
   2    10     1   0.13206   0.11336  -0.20502   0.18390   0.01642
   3    10     1  -0.01279   0.06223   0.03309   0.00244  -0.01295
   1    11     6   0.00252  -0.00212   0.01848  -0.03620  -0.03108
   2    11     6  -0.00266  -0.07219  -0.00792  -0.00000   0.00000
   3    11     6  -0.02337  -0.06865  -0.00469  -0.00000   0.00000
   1    12     1  -0.02437  -0.00153   0.06735  -0.01000  -0.00858
   2    12     1   0.04076   0.26252   0.04176   0.13327  -0.12778
   3    12     1   0.05635   0.26290   0.00529   0.10617  -0.15105
   1    13     1   0.04131  -0.01275   0.05712  -0.01000  -0.00858
   2    13     1   0.03622   0.26634   0.00843  -0.13327   0.12778
   3    13     1   0.06089   0.25908   0.03862  -0.10617   0.15105
   1    14     6  -0.01231  -0.04641  -0.02814   0.06055   0.05200
   2    14     6  -0.04434   0.01888  -0.02782   0.07530  -0.02644
   3    14     6   0.03774   0.00486  -0.04060  -0.01476   0.07843
   1    15     1   0.06236   0.11678   0.27229  -0.22862  -0.19632
   2    15     1   0.28856   0.05370   0.07430  -0.28433   0.09982
   3    15     1  -0.21989   0.14058   0.15348   0.05571  -0.29615
   1    16     6  -0.03853   0.05217  -0.03277   0.00000   0.00000
   2    16     6   0.01533   0.01079  -0.00085  -0.04502   0.01580
   3    16     6   0.03212  -0.04169   0.05011  -0.00000  -0.00000
   1    17     1   0.12108  -0.18993   0.14693  -0.07773  -0.16747
   2    17     1   0.04147   0.05296   0.02464  -0.01243   0.00436
   3    17     1  -0.14250   0.16027  -0.16226   0.04402   0.17931
   1    18     1   0.14874  -0.17046   0.14540   0.07773   0.16747
   2    18     1   0.06181   0.01972  -0.03036  -0.01243   0.00436
   3    18     1  -0.11484   0.17974  -0.16379  -0.04402  -0.17931
   1    19     6  -0.05347  -0.02865  -0.04001  -0.00000   0.00000
   2    19     6  -0.04321  -0.01832  -0.05548  -0.00000   0.00000
   3    19     6  -0.01053   0.01521   0.00318  -0.00882   0.04689
   1    20     1   0.17584   0.10635   0.17347  -0.17729  -0.05153
   2    20     1   0.18485   0.06887   0.18278  -0.18390  -0.01642
   3    20     1  -0.01918   0.06762  -0.01384  -0.00244   0.01295
   1    21     1   0.19483   0.07892   0.16773   0.17729   0.05153
   2    21     1   0.16586   0.09630   0.18851   0.18390   0.01642
   3    21     1  -0.05173   0.03483   0.03525  -0.00244   0.01295
   1    22     6   0.00252  -0.00212   0.01848   0.03620   0.03108
   2    22     6  -0.06812   0.02238   0.01184  -0.00000  -0.00000
   3    22     6   0.07196  -0.00156  -0.00998   0.00000   0.00000
   1    23     1   0.00237  -0.04016   0.05927   0.01000   0.00858
   2    23     1   0.26170  -0.05668  -0.02494  -0.13327   0.12778
   3    23     1  -0.26090   0.03262   0.05645   0.10617  -0.15105
   1    24     1   0.01457   0.02588   0.06519   0.01000   0.00858
   2    24     1   0.25716  -0.05286  -0.05827   0.13327  -0.12778
   3    24     1  -0.26544   0.03644   0.02312  -0.10617   0.15105
   1    25     6   0.04564  -0.00563  -0.03135  -0.06055  -0.05200
   2    25     6   0.00495  -0.04661   0.03000   0.07530  -0.02644
   3    25     6  -0.02020  -0.03592  -0.03739   0.01476  -0.07843
   1    26     1  -0.11044  -0.00483   0.28187   0.22862   0.19632
   2    26     1   0.14157   0.24900  -0.09813  -0.28433   0.09982
   3    26     1  -0.04708   0.26219   0.14391  -0.05571   0.29615
                               51        52        53        54        55
                                E         E        T2        T2        T2
        Frequencies --- 1563.8377 1563.8377 1575.2775 1575.2775 1575.2775
     Reduced masses ---    1.0808    1.0808    1.0875    1.0875    1.0875
    Force constants ---    1.5573    1.5573    1.5899    1.5899    1.5899
     IR Intensities ---    0.0000    0.0000    0.0000    0.0000    0.0000
 Coord Atom Element:
   1     1     6   0.00000   0.00000   0.00645   0.00589  -0.00167
   2     1     6   0.00594  -0.04529  -0.01604   0.00172  -0.05569
   3     1     6   0.00000   0.00000   0.00456   0.00756  -0.00108
   1     2     1   0.00742  -0.17513  -0.07673  -0.01164  -0.20234
   2     2     1  -0.04194   0.31987   0.10927  -0.01229   0.37666
   3     2     1  -0.03798   0.17112   0.04518  -0.02692   0.21024
   1     3     1  -0.00742   0.17513   0.04233  -0.02441   0.21114
   2     3     1  -0.04194   0.31987   0.10779  -0.01098   0.37712
   3     3     1   0.03798  -0.17112  -0.07389  -0.01416  -0.20324
   1     4     6  -0.00734   0.00304  -0.00662  -0.00268  -0.00047
   2     4     6   0.00103  -0.00788  -0.00373  -0.00219  -0.00570
   3     4     6   0.00630   0.00483  -0.00225  -0.00654  -0.00185
   1     5     1   0.00536  -0.00222  -0.01604  -0.00011   0.00606
   2     5     1  -0.00075   0.00575  -0.00349   0.00200  -0.01667
   3     5     1  -0.00460  -0.00353   0.00296  -0.01689   0.00007
   1     6     6   0.00734  -0.00304  -0.00540  -0.00281   0.00376
   2     6     6   0.00103  -0.00788   0.00017   0.00257  -0.00667
   3     6     6  -0.00630  -0.00483  -0.00103  -0.00667   0.00238
   1     7     1  -0.00536   0.00222  -0.01681  -0.00003   0.00340
   2     7     1  -0.00075   0.00575  -0.00594  -0.00099  -0.01605
   3     7     1   0.00460   0.00353   0.00220  -0.01681  -0.00259
   1     8     6   0.00000  -0.00000   0.00537   0.00076  -0.00705
   2     8     6  -0.00000   0.00000  -0.00311  -0.00066   0.00830
   3     8     6  -0.03625  -0.02779   0.00427  -0.05775  -0.00301
   1     9     1   0.12921   0.11845  -0.02971   0.21224   0.03224
   2     9     1   0.14796   0.09399  -0.00540   0.21633  -0.01177
   3     9     1   0.25605   0.19625  -0.02979   0.39074   0.01990
   1    10     1  -0.12921  -0.11845   0.00199  -0.21648   0.00987
   2    10     1  -0.14796  -0.09399   0.02631  -0.21239  -0.03414
   3    10     1   0.25605   0.19625  -0.02801   0.39082   0.02088
   1    11     6  -0.04219   0.01750  -0.05556  -0.00494   0.01585
   2    11     6  -0.00000  -0.00000   0.00158   0.00507   0.00713
   3    11     6  -0.00000   0.00000   0.00094   0.00695   0.00547
   1    12     1   0.29798  -0.12362   0.37571   0.03414  -0.10788
   2    12     1   0.16719  -0.05267   0.20213   0.00250  -0.07813
   3    12     1  -0.15538   0.08114  -0.20937  -0.03697   0.04201
   1    13     1   0.29798  -0.12362   0.37621   0.03266  -0.10658
   2    13     1  -0.16719   0.05267  -0.21033  -0.03414   0.03951
   3    13     1   0.15538  -0.08114   0.20309  -0.00033  -0.07563
   1    14     6  -0.00734   0.00304  -0.00572   0.00158   0.00399
   2    14     6  -0.00103   0.00788   0.00049  -0.00182  -0.00690
   3    14     6  -0.00630  -0.00483   0.00198  -0.00616  -0.00305
   1    15     1   0.00536  -0.00222  -0.01660  -0.00279   0.00325
   2    15     1   0.00075  -0.00575  -0.00614   0.00177  -0.01591
   3    15     1   0.00460   0.00353   0.00031  -0.01712   0.00082
   1    16     6   0.00000  -0.00000   0.00723  -0.00468  -0.00223
   2    16     6  -0.00594   0.04529  -0.01604   0.00172  -0.05569
   3    16     6  -0.00000  -0.00000  -0.00561   0.00665   0.00182
   1    17     1  -0.00742   0.17513  -0.07916   0.02114  -0.20063
   2    17     1   0.04194  -0.31987   0.10917  -0.01086   0.37673
   3    17     1  -0.03798   0.17112  -0.04235  -0.01135  -0.21224
   1    18     1   0.00742  -0.17513   0.03991   0.00837   0.21285
   2    18     1   0.04194  -0.31987   0.10789  -0.01242   0.37705
   3    18     1   0.03798  -0.17112   0.07672  -0.02412   0.20124
   1    19     6   0.00000   0.00000   0.00830   0.00045   0.00315
   2    19     6   0.00000   0.00000   0.00706   0.00024   0.00540
   3    19     6   0.03625   0.02779   0.00427  -0.05775  -0.00301
   1    20     1  -0.12921  -0.11845  -0.03882   0.21321   0.00063
   2    20     1   0.14796   0.09399  -0.00523  -0.21519  -0.02515
   3    20     1  -0.25605  -0.19625  -0.02939   0.39070   0.02128
   1    21     1   0.12921   0.11845  -0.00711  -0.21551  -0.02174
   2    21     1  -0.14796  -0.09399  -0.03694   0.21353  -0.00278
   3    21     1  -0.25605  -0.19625  -0.02841   0.39086   0.01950
   1    22     6   0.04219  -0.01750  -0.05556  -0.00494   0.01585
   2    22     6  -0.00000  -0.00000   0.00236  -0.00550   0.00658
   3    22     6   0.00000  -0.00000  -0.00199   0.00726  -0.00472
   1    23     1  -0.29798   0.12362   0.37582   0.03271  -0.10796
   2    23     1  -0.16719   0.05267   0.19970   0.03528  -0.07642
   3    23     1  -0.15538   0.08114   0.21220  -0.00131  -0.04401
   1    24     1  -0.29798   0.12362   0.37611   0.03410  -0.10650
   2    24     1   0.16719  -0.05267  -0.21276  -0.00136   0.04122
   3    24     1   0.15538  -0.08114  -0.20026  -0.03795   0.07363
   1    25     6   0.00734  -0.00304  -0.00694   0.00171  -0.00024
   2    25     6  -0.00103   0.00788  -0.00405   0.00220  -0.00547
   3    25     6   0.00630   0.00483   0.00319  -0.00629   0.00118
   1    26     1  -0.00536   0.00222  -0.01584  -0.00287   0.00591
   2    26     1   0.00075  -0.00575  -0.00328  -0.00076  -0.01681
   3    26     1  -0.00460  -0.00353  -0.00045  -0.01704  -0.00184
                               56        57        58        59        60
                               A1        A1        T2        T2        T2
        Frequencies --- 1595.8847 3050.7024 3051.1896 3051.1896 3051.1896
     Reduced masses ---    1.0863    1.0638    1.0589    1.0589    1.0589
    Force constants ---    1.6301    5.8333    5.8084    5.8084    5.8084
     IR Intensities ---    0.0000    0.0000    0.0000    0.0000    0.0000
 Coord Atom Element:
   1     1     6  -0.00000  -0.00000   0.00028  -0.00037   0.00199
   2     1     6  -0.03401   0.02295   0.04112  -0.01307  -0.00823
   3     1     6  -0.00000   0.00000  -0.00062  -0.00087  -0.00175
   1     2     1  -0.12563  -0.14316  -0.25947   0.08117   0.04093
   2     2     1   0.22612  -0.13706  -0.24716   0.07635   0.03832
   3     2     1   0.12563   0.14316   0.25991  -0.07960  -0.04124
   1     3     1   0.12563   0.14316   0.25490  -0.08233  -0.06196
   2     3     1   0.22612  -0.13706  -0.24203   0.07914   0.05953
   3     3     1  -0.12563  -0.14316  -0.25446   0.08390   0.06165
   1     4     6  -0.00409  -0.01269  -0.01051  -0.00836   0.00364
   2     4     6  -0.00409  -0.01269  -0.01051  -0.00836   0.00364
   3     4     6  -0.00409  -0.01269  -0.01051  -0.00836   0.00365
   1     5     1  -0.00627   0.15209   0.12791   0.10350  -0.04687
   2     5     1  -0.00627   0.15209   0.13077   0.10075  -0.04490
   3     5     1  -0.00627   0.15209   0.12894   0.10406  -0.04260
   1     6     6   0.00409   0.01269   0.00453  -0.01314   0.00063
   2     6     6  -0.00409  -0.01269  -0.00453   0.01314  -0.00064
   3     6     6   0.00409   0.01269   0.00453  -0.01314   0.00064
   1     7     1   0.00627  -0.15209  -0.05505   0.16165  -0.01027
   2     7     1  -0.00627   0.15209   0.05805  -0.16077   0.00714
   3     7     1   0.00627  -0.15209  -0.05402   0.16222  -0.00601
   1     8     6   0.00000  -0.00000  -0.00089  -0.00079   0.00166
   2     8     6  -0.00000  -0.00000  -0.00174   0.00002   0.00108
   3     8     6   0.03401  -0.02295   0.01542   0.03333   0.02410
   1     9     1  -0.12563  -0.14316   0.10315   0.21114   0.14273
   2     9     1  -0.12563  -0.14316   0.10423   0.21010   0.14347
   3     9     1  -0.22612   0.13706  -0.09914  -0.20046  -0.13554
   1    10     1   0.12563   0.14316  -0.08968  -0.20582  -0.15870
   2    10     1   0.12563   0.14316  -0.08860  -0.20686  -0.15796
   3    10     1  -0.22612   0.13706  -0.08425  -0.19608  -0.15113
   1    11     6  -0.03401   0.02295   0.00093   0.02544  -0.03579
   2    11     6  -0.00000  -0.00000  -0.00140   0.00123   0.00084
   3    11     6  -0.00000   0.00000   0.00021  -0.00166  -0.00118
   1    12     1   0.22612  -0.13706  -0.01008  -0.14313   0.21862
   2    12     1   0.12563   0.14316   0.01101   0.15139  -0.22924
   3    12     1  -0.12563  -0.14316  -0.00950  -0.15084   0.22967
   1    13     1   0.22612  -0.13706  -0.00097  -0.15957   0.20717
   2    13     1  -0.12563  -0.14316  -0.00060  -0.16690   0.21848
   3    13     1   0.12563   0.14316   0.00212   0.16744  -0.21806
   1    14     6  -0.00409  -0.01269   0.01017  -0.00095   0.00945
   2    14     6   0.00409   0.01269  -0.01017   0.00095  -0.00945
   3    14     6   0.00409   0.01269  -0.01017   0.00095  -0.00945
   1    15     1  -0.00627   0.15209  -0.12364   0.01334  -0.11748
   2    15     1   0.00627  -0.15209   0.12664  -0.01246   0.11435
   3    15     1   0.00627  -0.15209   0.12481  -0.00916   0.11665
   1    16     6   0.00000  -0.00000  -0.00036  -0.00175   0.00100
   2    16     6   0.03401  -0.02295   0.04112  -0.01307  -0.00823
   3    16     6   0.00000   0.00000  -0.00066  -0.00192  -0.00027
   1    17     1   0.12563   0.14316  -0.25456   0.09181   0.04862
   2    17     1  -0.22612   0.13706  -0.24170   0.08816   0.04685
   3    17     1   0.12563   0.14316  -0.25417   0.09203   0.05023
   1    18     1  -0.12563  -0.14316   0.25982  -0.07169  -0.05427
   2    18     1  -0.22612   0.13706  -0.24749   0.06734   0.05100
   3    18     1  -0.12563  -0.14316   0.26021  -0.07148  -0.05267
   1    19     6   0.00000  -0.00000   0.00081  -0.00133   0.00132
   2    19     6   0.00000   0.00000  -0.00170   0.00107  -0.00040
   3    19     6  -0.03401   0.02295   0.01542   0.03333   0.02410
   1    20     1   0.12563   0.14316   0.09003   0.21531   0.14535
   2    20     1  -0.12563  -0.14316  -0.08890  -0.21498  -0.14653
   3    20     1   0.22612  -0.13706  -0.08458  -0.20510  -0.13845
   1    21     1  -0.12563  -0.14316  -0.10281  -0.20166  -0.15607
   2    21     1   0.12563   0.14316   0.10393   0.20199   0.15489
   3    21     1   0.22612  -0.13706  -0.09881  -0.19145  -0.14821
   1    22     6   0.03401  -0.02295   0.00093   0.02545  -0.03579
   2    22     6  -0.00000   0.00000  -0.00203  -0.00014  -0.00015
   3    22     6   0.00000   0.00000  -0.00149  -0.00112  -0.00084
   1    23     1  -0.22612   0.13706  -0.01553  -0.15494   0.21009
   2    23     1  -0.12563  -0.14316   0.01593   0.16203  -0.22155
   3    23     1  -0.12563  -0.14316   0.01524   0.16327  -0.22069
   1    24     1  -0.22612   0.13706   0.00449  -0.14777   0.21571
   2    24     1   0.12563   0.14316   0.00432  -0.15626   0.22618
   3    24     1   0.12563   0.14316   0.00363  -0.15502   0.22704
   1    25     6   0.00409   0.01269  -0.00487   0.00384   0.01246
   2    25     6   0.00409   0.01269  -0.00487   0.00383   0.01246
   3    25     6  -0.00409  -0.01269   0.00487  -0.00383  -0.01246
   1    26     1   0.00627  -0.15209   0.05932  -0.04482  -0.15408
   2    26     1   0.00627  -0.15209   0.06218  -0.04756  -0.15212
   3    26     1  -0.00627   0.15209  -0.05815   0.04900   0.15325
                               61        62        63        64        65
                                E         E        T2        T2        T2
        Frequencies --- 3051.5553 3051.5553 3076.1755 3076.1755 3076.1755
     Reduced masses ---    1.0560    1.0560    1.0812    1.0812    1.0812
    Force constants ---    5.7936    5.7936    6.0283    6.0283    6.0283
     IR Intensities ---    0.0000    0.0000    0.0000    0.0000    0.0000
 Coord Atom Element:
   1     1     6  -0.00000  -0.00000   0.00068   0.00031  -0.00018
   2     1     6  -0.02101   0.03191  -0.00669   0.00601  -0.01456
   3     1     6   0.00000  -0.00000  -0.00069  -0.00027   0.00020
   1     2     1   0.13193  -0.19960   0.03674  -0.03971   0.08634
   2     2     1   0.12474  -0.18944   0.03477  -0.03622   0.08492
   3     2     1  -0.13123   0.20005  -0.03544   0.03492  -0.08891
   1     3     1  -0.13193   0.19960  -0.04284   0.03179  -0.08681
   2     3     1   0.12474  -0.18944   0.04231  -0.03303   0.08278
   3     3     1   0.13123  -0.20005   0.04413  -0.03658   0.08423
   1     4     6  -0.00010  -0.00001  -0.00107  -0.01892  -0.03411
   2     4     6   0.00005  -0.00008  -0.00113  -0.01990  -0.03355
   3     4     6   0.00004   0.00009  -0.00208  -0.01935  -0.03383
   1     5     1   0.00246   0.00015   0.01636   0.23097   0.40524
   2     5     1  -0.00136   0.00206   0.01648   0.23294   0.40411
   3     5     1  -0.00111  -0.00220   0.01838   0.23183   0.40467
   1     6     6   0.00010   0.00001   0.01675  -0.03493   0.00467
   2     6     6   0.00005  -0.00008  -0.01607   0.03535  -0.00387
   3     6     6  -0.00004  -0.00009   0.01574  -0.03536   0.00496
   1     7     1  -0.00246  -0.00014  -0.19477   0.42068  -0.05415
   2     7     1  -0.00136   0.00206   0.19340  -0.42151   0.05255
   3     7     1   0.00111   0.00220  -0.19275   0.42153  -0.05472
   1     8     6  -0.00000  -0.00000   0.00046   0.00030   0.00053
   2     8     6   0.00000  -0.00000   0.00046   0.00026   0.00055
   3     8     6   0.01713   0.03416   0.01358  -0.00581  -0.00864
   1     9     1   0.10764   0.21368   0.07810  -0.03848  -0.05291
   2     9     1   0.10689   0.21405   0.07840  -0.03364  -0.05570
   3     9     1  -0.10169  -0.20275  -0.07566   0.03501   0.05275
   1    10     1  -0.10764  -0.21368  -0.08343   0.03058   0.04985
   2    10     1  -0.10689  -0.21405  -0.08313   0.03542   0.04706
   3    10     1  -0.10169  -0.20275  -0.08079   0.03189   0.04678
   1    11     6   0.03814   0.00224  -0.00798  -0.01493  -0.00250
   2    11     6   0.00000  -0.00000   0.00063  -0.00037   0.00021
   3    11     6  -0.00000  -0.00000  -0.00065   0.00037  -0.00017
   1    12     1  -0.22643  -0.01331   0.04948   0.08394   0.01544
   2    12     1   0.23887   0.01362  -0.05011  -0.08675  -0.01857
   3    12     1  -0.23882  -0.01446   0.05170   0.08680   0.01321
   1    13     1  -0.22643  -0.01331   0.04239   0.08807   0.01337
   2    13     1  -0.23887  -0.01362   0.04475   0.09085   0.01118
   3    13     1   0.23882   0.01446  -0.04316  -0.09080  -0.01654
   1    14     6  -0.00010  -0.00001  -0.01943  -0.01946   0.02769
   2    14     6  -0.00005   0.00008   0.02012   0.01988  -0.02689
   3    14     6  -0.00004  -0.00009   0.01917   0.02043  -0.02716
   1    15     1   0.00246   0.00014   0.23382   0.23743  -0.32679
   2    15     1   0.00135  -0.00206  -0.23519  -0.23827   0.32519
   3    15     1   0.00110   0.00221  -0.23329  -0.23938   0.32575
   1    16     6  -0.00000  -0.00000  -0.00016   0.00066   0.00035
   2    16     6   0.02101  -0.03191  -0.00669   0.00601  -0.01456
   3    16     6  -0.00000  -0.00000  -0.00020   0.00065   0.00036
   1    17     1  -0.13193   0.19959   0.03826  -0.04036   0.08537
   2    17     1  -0.12474   0.18943   0.03952  -0.03825   0.08190
   3    17     1  -0.13123   0.20005   0.04324  -0.03825   0.08395
   1    18     1   0.13193  -0.19959  -0.04132   0.03114  -0.08777
   2    18     1  -0.12474   0.18943   0.03756  -0.03100   0.08580
   3    18     1   0.13123  -0.20005  -0.03633   0.03325  -0.08919
   1    19     6  -0.00000   0.00000   0.00005   0.00067  -0.00037
   2    19     6   0.00000  -0.00000  -0.00003  -0.00065   0.00040
   3    19     6  -0.01713  -0.03415   0.01358  -0.00581  -0.00864
   1    20     1  -0.10763  -0.21367   0.07885  -0.03915  -0.05129
   2    20     1   0.10689   0.21405  -0.08224   0.03709   0.04734
   3    20     1   0.10169   0.20274  -0.07800   0.03711   0.04766
   1    21     1   0.10763   0.21367  -0.08268   0.02991   0.05148
   2    21     1  -0.10689  -0.21405   0.07929  -0.03197  -0.05542
   3    21     1   0.10169   0.20274  -0.07845   0.02978   0.05187
   1    22     6  -0.03814  -0.00224  -0.00798  -0.01493  -0.00250
   2    22     6   0.00000  -0.00000  -0.00020  -0.00002   0.00074
   3    22     6   0.00000  -0.00000  -0.00024   0.00000   0.00073
   1    23     1   0.22642   0.01331   0.04473   0.08597   0.01846
   2    23     1  -0.23886  -0.01362  -0.04859  -0.08740  -0.01953
   3    23     1  -0.23881  -0.01446  -0.04390  -0.09013  -0.01817
   1    24     1   0.22642   0.01331   0.04714   0.08604   0.01035
   2    24     1   0.23886   0.01362   0.04627   0.09020   0.01021
   3    24     1   0.23881   0.01446   0.05095   0.08747   0.01158
   1    25     6   0.00010   0.00001  -0.03725  -0.00345  -0.01110
   2    25     6  -0.00005   0.00008  -0.03731  -0.00443  -0.01053
   3    25     6   0.00004   0.00009   0.03699   0.00442   0.01162
   1    26     1  -0.00246  -0.00014   0.44495   0.04773   0.13260
   2    26     1   0.00136  -0.00206   0.44507   0.04969   0.13147
   3    26     1  -0.00111  -0.00221  -0.44442  -0.04967  -0.13364
                               66        67        68        69        70
                               A1        T1        T1        T1        T2
        Frequencies --- 3084.4699 3097.6833 3097.6833 3097.6833 3104.5876
     Reduced masses ---    1.0806    1.1037    1.1037    1.1037    1.1037
    Force constants ---    6.0575    6.2400    6.2400    6.2400    6.2675
     IR Intensities ---    0.0000    0.0000    0.0000    0.0000    0.0000
 Coord Atom Element:
   1     1     6  -0.00000  -0.04526  -0.01138  -0.00131  -0.03676
   2     1     6  -0.01545  -0.00000  -0.00000   0.00000   0.00082
   3     1     6  -0.00000   0.04519   0.01174   0.00060   0.03653
   1     2     1   0.09002   0.27307   0.07150   0.00577   0.21498
   2     2     1   0.08845   0.28799   0.07363   0.00607   0.22562
   3     2     1  -0.09002  -0.27388  -0.06833  -0.00577  -0.21557
   1     3     1  -0.09002   0.27373   0.06902   0.00443   0.22732
   2     3     1   0.08845  -0.28799  -0.07363  -0.00607  -0.24178
   3     3     1   0.09002  -0.27322  -0.07081  -0.00711  -0.22790
   1     4     6  -0.02080  -0.00059   0.00025   0.00075  -0.00145
   2     4     6  -0.02080  -0.00010   0.00045  -0.00087   0.00047
   3     4     6  -0.02080   0.00068  -0.00070   0.00012   0.00093
   1     5     1   0.24238   0.00001  -0.00000  -0.00001   0.00001
   2     5     1   0.24238   0.00000  -0.00000   0.00001  -0.00024
   3     5     1   0.24238  -0.00001   0.00001  -0.00000  -0.00030
   1     6     6   0.02080  -0.00027  -0.00094   0.00010  -0.00065
   2     6     6  -0.02080   0.00010  -0.00045   0.00087   0.00107
   3     6     6   0.02080   0.00037   0.00050   0.00077   0.00172
   1     7     1  -0.24238   0.00000   0.00001  -0.00000   0.00011
   2     7     1   0.24238  -0.00000   0.00000  -0.00001  -0.00016
   3     7     1  -0.24238  -0.00000  -0.00000  -0.00001  -0.00020
   1     8     6  -0.00000   0.03258  -0.03287   0.00621   0.00670
   2     8     6  -0.00000   0.03228  -0.03327   0.00559   0.00622
   3     8     6   0.01545   0.00000  -0.00000  -0.00000   0.00114
   1     9     1   0.09002  -0.19493   0.20104  -0.03599  -0.02981
   2     9     1   0.09002  -0.19727   0.19885  -0.03540  -0.03109
   3     9     1  -0.08845   0.20651  -0.21056   0.03759   0.02995
   1    10     1  -0.09002  -0.19671   0.19961  -0.03422  -0.04696
   2    10     1  -0.09002  -0.19549   0.20028  -0.03717  -0.04825
   3    10     1  -0.08845  -0.20651   0.21056  -0.03759  -0.05243
   1    11     6  -0.01545   0.00000  -0.00000   0.00000  -0.00053
   2    11     6  -0.00000   0.01256   0.04473  -0.00465  -0.00740
   3    11     6   0.00000  -0.01303  -0.04453   0.00525   0.00669
   1    12     1   0.08845   0.08148   0.28419  -0.03152  -0.03974
   2    12     1  -0.09002  -0.07673  -0.26988   0.03143   0.03768
   3    12     1   0.09002   0.07801   0.26985  -0.02843  -0.03955
   1    13     1   0.08845  -0.08148  -0.28419   0.03152   0.05011
   2    13     1   0.09002  -0.07891  -0.26946   0.02958   0.04559
   3    13     1  -0.09002   0.07583   0.27027  -0.03028  -0.04747
   1    14     6  -0.02080   0.00059  -0.00025  -0.00075   0.00046
   2    14     6   0.02080   0.00095   0.00024   0.00002  -0.00004
   3    14     6   0.02080  -0.00037  -0.00050  -0.00077   0.00041
   1    15     1   0.24238  -0.00001   0.00000   0.00001   0.00025
   2    15     1  -0.24238  -0.00001  -0.00000  -0.00000  -0.00030
   3    15     1  -0.24238   0.00000   0.00000   0.00001  -0.00036
   1    16     6   0.00000  -0.00492   0.02103  -0.04139   0.01380
   2    16     6   0.01545   0.00000   0.00000   0.00000   0.00082
   3    16     6   0.00000  -0.00414   0.02123  -0.04138   0.01320
   1    17     1  -0.09002   0.02633  -0.12673   0.25092  -0.08697
   2    17     1  -0.08845   0.02884  -0.13456   0.26355  -0.09420
   3    17     1  -0.09002   0.02845  -0.12883   0.24961  -0.08856
   1    18     1   0.09002   0.02699  -0.12921   0.24958  -0.07464
   2    18     1  -0.08845  -0.02884   0.13456  -0.26355   0.07803
   3    18     1   0.09002   0.02779  -0.12635   0.25095  -0.07623
   1    19     6   0.00000   0.01760   0.02321   0.03649  -0.02965
   2    19     6  -0.00000  -0.01705  -0.02378  -0.03639   0.02955
   3    19     6  -0.01545   0.00000  -0.00000  -0.00000   0.00114
   1    20     1  -0.09002  -0.10335  -0.14190  -0.22112   0.18731
   2    20     1   0.09002   0.10618   0.14227   0.21954  -0.18759
   3    20     1   0.08845   0.11032   0.14963   0.23203  -0.20001
   1    21     1   0.09002  -0.10513  -0.14333  -0.21935   0.17016
   2    21     1  -0.09002   0.10439   0.14083   0.22131  -0.17044
   3    21     1   0.08845  -0.11032  -0.14963  -0.23203   0.17753
   1    22     6   0.01545  -0.00000   0.00000   0.00000  -0.00053
   2    22     6  -0.00000  -0.02779   0.01232   0.03544   0.04316
   3    22     6  -0.00000  -0.02801   0.01155   0.03553   0.04305
   1    23     1  -0.08845  -0.17767   0.07600   0.22595   0.28007
   2    23     1   0.09002   0.17001  -0.07166  -0.21372  -0.26428
   3    23     1   0.09002   0.16741  -0.07268  -0.21541  -0.26458
   1    24     1  -0.08845   0.17767  -0.07600  -0.22595  -0.26970
   2    24     1  -0.09002   0.16783  -0.07124  -0.21557  -0.25636
   3    24     1  -0.09002   0.16959  -0.07310  -0.21356  -0.25667
   1    25     6   0.02080   0.00027   0.00094  -0.00010  -0.00034
   2    25     6   0.02080  -0.00095  -0.00024  -0.00002   0.00158
   3    25     6  -0.02080  -0.00068   0.00070  -0.00012   0.00121
   1    26     1  -0.24238  -0.00000  -0.00001   0.00000   0.00015
   2    26     1  -0.24238   0.00001   0.00000   0.00000  -0.00010
   3    26     1   0.24238   0.00001  -0.00001   0.00000  -0.00026
                               71        72
                               T2        T2
        Frequencies --- 3104.5876 3104.5876
     Reduced masses ---    1.1037    1.1037
    Force constants ---    6.2675    6.2675
     IR Intensities ---    0.0000    0.0000
 Coord Atom Element:
   1     1     6   0.02853   0.00320
   2     1     6   0.00112  -0.00057
   3     1     6  -0.02873  -0.00391
   1     2     1  -0.18171  -0.01816
   2     2     1  -0.19364  -0.01708
   3     2     1   0.18119   0.01629
   1     3     1  -0.16486  -0.02670
   2     3     1   0.17156   0.02829
   3     3     1   0.16434   0.02484
   1     4     6   0.00050   0.00083
   2     4     6   0.00079  -0.00149
   3     4     6  -0.00135   0.00060
   1     5     1  -0.00027  -0.00028
   2     5     1  -0.00031   0.00002
   3     5     1  -0.00003  -0.00025
   1     6     6   0.00160   0.00028
   2     6     6   0.00131   0.00042
   3     6     6  -0.00026   0.00005
   1     7     1  -0.00014  -0.00035
   2     7     1  -0.00024   0.00026
   3     7     1   0.00011  -0.00032
   1     8     6   0.04495   0.01050
   2     8     6   0.04488   0.01109
   3     8     6  -0.00038   0.00090
   1     9     1  -0.27416  -0.05925
   2     9     1  -0.27435  -0.05769
   3     9     1   0.29016   0.05999
   1    10     1  -0.26845  -0.07275
   2    10     1  -0.26864  -0.07119
   3    10     1  -0.28268  -0.07767
   1    11     6   0.00093   0.00106
   2    11     6   0.03284  -0.03228
   3    11     6  -0.03311   0.03217
   1    12     1   0.20119  -0.21594
   2    12     1  -0.19268   0.20254
   3    12     1   0.19197  -0.20285
   1    13     1  -0.21938   0.19507
   2    13     1  -0.20655   0.18661
   3    13     1   0.20585  -0.18692
   1    14     6   0.00123   0.00115
   2    14     6   0.00168  -0.00045
   3    14     6  -0.00045   0.00163
   1    15     1  -0.00018  -0.00024
   2    15     1  -0.00020   0.00015
   3    15     1   0.00008  -0.00012
   1    16     6   0.01170   0.04299
   2    16     6   0.00112  -0.00057
   3    16     6   0.01217   0.04305
   1    17     1  -0.08119  -0.25575
   2    17     1  -0.08717  -0.26873
   3    17     1  -0.07994  -0.25560
   1    18     1  -0.06434  -0.26430
   2    18     1   0.06509   0.27993
   3    18     1  -0.06310  -0.26415
   1    19     6  -0.00471   0.03569
   2    19     6   0.00397  -0.03587
   3    19     6  -0.00038   0.00090
   1    20     1   0.02241  -0.20971
   2    20     1  -0.02436   0.20924
   3    20     1  -0.02395   0.21935
   1    21     1   0.02812  -0.22321
   2    21     1  -0.03007   0.22274
   3    21     1   0.03143  -0.23703
   1    22     6   0.00093   0.00106
   2    22     6   0.01601   0.00750
   3    22     6   0.01655   0.00697
   1    23     1   0.09473   0.03571
   2    23     1  -0.09216  -0.03506
   3    23     1  -0.09073  -0.03646
   1    24     1  -0.11292  -0.05658
   2    24     1  -0.10604  -0.05099
   3    24     1  -0.10460  -0.05239
   1    25     6   0.00014   0.00171
   2    25     6   0.00042  -0.00061
   3    25     6   0.00064   0.00108
   1    26     1  -0.00032  -0.00017
   2    26     1  -0.00036   0.00013
   3    26     1   0.00022  -0.00019
