18 0 C10H8
 1 2 1.0 10 1.0 11 1.0
 2 3 1.0 12 1.0
 3 4 1.0 13 1.0
 4 5 1.0 9 1.0
 5 6 1.0 14 1.0
 6 7 1.0 15 1.0
 7 8 1.0 16 1.0
 8 9 1.0 17 1.0
 9 10 1.0
 10 18 1.0
 11
 12
 13
 14
 15
 16
 17
 18
      1          6           0        0.000000    2.449988    0.714464
      2          6           0        0.000000    2.449988   -0.714464
      3          6           0       -0.000000    1.253765   -1.414464
      4          6           0       -0.000000    0.000000   -0.720708
      5          6           0       -0.000000   -1.253765   -1.414464
      6          6           0       -0.000000   -2.449988   -0.714464
      7          6           0       -0.000000   -2.449988    0.714464
      8          6           0       -0.000000   -1.253765    1.414464
      9          6           0        0.000000    0.000000    0.720708
     10          6           0        0.000000    1.253765    1.414464
     11          1           0        0.000000    3.396060    1.250020
     12          1           0        0.000000    3.396060   -1.250020
     13          1           0       -0.000000    1.251202   -2.503922
     14          1           0       -0.000000   -1.251202   -2.503922
     15          1           0       -0.000000   -3.396060   -1.250020
     16          1           0       -0.000000   -3.396060    1.250020
     17          1           0       -0.000000   -1.251202    2.503922
     18          1           0        0.000000    1.251202    2.503922
                                1         2         3         4         5
                              B3U        AU       B1U       B1G       B2G
        Frequencies ---  162.8024  183.4495  371.6783  380.4111  439.0293
     Reduced masses ---    4.2730    3.3863    3.8426    3.3220    3.9286
    Force constants ---    0.0667    0.0671    0.3128    0.2832    0.4461
     IR Intensities ---    0.0000    0.0000    0.0000    0.0000    0.0000
 Coord Atom Element:
   1     1     6  -0.18952  -0.14486  -0.00000  -0.10233   0.14030
   2     1     6   0.00000   0.00000   0.05113   0.00000   0.00000
   3     1     6   0.00000  -0.00000  -0.14128   0.00000  -0.00000
   1     2     6  -0.18952   0.14486   0.00000  -0.10233  -0.14030
   2     2     6   0.00000   0.00000  -0.05113  -0.00000  -0.00000
   3     2     6   0.00000   0.00000  -0.14128   0.00000  -0.00000
   1     3     6   0.09375   0.18197   0.00000   0.20533   0.02503
   2     3     6   0.00000  -0.00000  -0.12883  -0.00000  -0.00000
   3     3     6  -0.00000   0.00000   0.05057   0.00000   0.00000
   1     4     6   0.24312  -0.00000  -0.00000  -0.00000   0.30371
   2     4     6   0.00000   0.00000   0.00000  -0.00000  -0.00000
   3     4     6  -0.00000  -0.00000   0.21328  -0.00000   0.00000
   1     5     6   0.09375  -0.18197   0.00000  -0.20533   0.02503
   2     5     6  -0.00000  -0.00000   0.12883  -0.00000   0.00000
   3     5     6  -0.00000  -0.00000   0.05057   0.00000  -0.00000
   1     6     6  -0.18952  -0.14486   0.00000   0.10233  -0.14030
   2     6     6  -0.00000   0.00000   0.05113   0.00000  -0.00000
   3     6     6   0.00000  -0.00000  -0.14128  -0.00000  -0.00000
   1     7     6  -0.18952   0.14486  -0.00000   0.10233   0.14030
   2     7     6  -0.00000  -0.00000  -0.05113   0.00000  -0.00000
   3     7     6   0.00000   0.00000  -0.14128  -0.00000  -0.00000
   1     8     6   0.09375   0.18197   0.00000  -0.20533  -0.02503
   2     8     6   0.00000  -0.00000  -0.12883   0.00000  -0.00000
   3     8     6  -0.00000   0.00000   0.05057  -0.00000  -0.00000
   1     9     6   0.24312  -0.00000   0.00000   0.00000  -0.30371
   2     9     6  -0.00000  -0.00000  -0.00000   0.00000   0.00000
   3     9     6  -0.00000  -0.00000   0.21328  -0.00000   0.00000
   1    10     6   0.09375  -0.18197   0.00000   0.20533  -0.02503
   2    10     6  -0.00000  -0.00000   0.12883   0.00000   0.00000
   3    10     6  -0.00000  -0.00000   0.05057  -0.00000   0.00000
   1    11     1  -0.40710  -0.29364  -0.00000  -0.17419   0.42845
   2    11     1   0.00000   0.00000   0.10898   0.00000   0.00000
   3    11     1   0.00000   0.00000  -0.24134   0.00000  -0.00000
   1    12     1  -0.40710   0.29364   0.00000  -0.17419  -0.42845
   2    12     1  -0.00000  -0.00000  -0.10898  -0.00000  -0.00000
   3    12     1   0.00000  -0.00000  -0.24134  -0.00000  -0.00000
   1    13     1   0.10004   0.33118   0.00000   0.40868   0.00178
   2    13     1   0.00000   0.00000  -0.33578   0.00000  -0.00000
   3    13     1  -0.00000   0.00000   0.05157   0.00000   0.00000
   1    14     1   0.10004  -0.33118   0.00000  -0.40868   0.00178
   2    14     1  -0.00000   0.00000   0.33578   0.00000   0.00000
   3    14     1  -0.00000   0.00000   0.05157   0.00000  -0.00000
   1    15     1  -0.40710  -0.29364   0.00000   0.17419  -0.42845
   2    15     1  -0.00000  -0.00000   0.10898   0.00000  -0.00000
   3    15     1  -0.00000  -0.00000  -0.24134   0.00000  -0.00000
   1    16     1  -0.40710   0.29364  -0.00000   0.17419   0.42845
   2    16     1   0.00000  -0.00000  -0.10898   0.00000  -0.00000
   3    16     1   0.00000   0.00000  -0.24134   0.00000  -0.00000
   1    17     1   0.10004   0.33118   0.00000  -0.40868  -0.00178
   2    17     1   0.00000  -0.00000  -0.33578   0.00000  -0.00000
   3    17     1   0.00000   0.00000   0.05157  -0.00000  -0.00000
   1    18     1   0.10004  -0.33118   0.00000   0.40868  -0.00178
   2    18     1  -0.00000   0.00000   0.33578  -0.00000   0.00000
   3    18     1  -0.00000  -0.00000   0.05157  -0.00000   0.00000
                                6         7         8         9        10
                              B3U        AG       B3G       B2G        AU
        Frequencies ---  456.9152  526.5777  532.1542  553.7320  591.3519
     Reduced masses ---    3.0507    6.5826    7.0864   10.0647    5.7513
    Force constants ---    0.3753    1.0754    1.1824    1.8182    1.1850
     IR Intensities ---    0.0000    0.0000    0.0000    0.0000    0.0000
 Coord Atom Element:
   1     1     6   0.06605   0.00000  -0.00000  -0.28387   0.24299
   2     1     6  -0.00000   0.29228  -0.18881   0.00000  -0.00000
   3     1     6  -0.00000  -0.00039  -0.14552  -0.00000   0.00000
   1     2     6   0.06605   0.00000   0.00000   0.28387  -0.24299
   2     2     6  -0.00000   0.29228   0.18881  -0.00000   0.00000
   3     2     6  -0.00000   0.00039  -0.14552   0.00000  -0.00000
   1     3     6  -0.13361  -0.00000  -0.00000  -0.25104   0.22099
   2     3     6   0.00000   0.17647   0.20542  -0.00000  -0.00000
   3     3     6  -0.00000   0.10096  -0.14324   0.00000  -0.00000
   1     4     6   0.22022   0.00000   0.00000   0.35322   0.00000
   2     4     6   0.00000  -0.00000   0.19344  -0.00000   0.00000
   3     4     6   0.00000   0.00752   0.00000   0.00000   0.00000
   1     5     6  -0.13361  -0.00000  -0.00000  -0.25104  -0.22099
   2     5     6   0.00000  -0.17647   0.20542  -0.00000   0.00000
   3     5     6   0.00000   0.10096   0.14324  -0.00000   0.00000
   1     6     6   0.06605   0.00000   0.00000   0.28387   0.24299
   2     6     6   0.00000  -0.29228   0.18881  -0.00000  -0.00000
   3     6     6  -0.00000   0.00039   0.14552  -0.00000   0.00000
   1     7     6   0.06605   0.00000  -0.00000  -0.28387  -0.24299
   2     7     6   0.00000  -0.29228  -0.18881   0.00000  -0.00000
   3     7     6  -0.00000  -0.00039   0.14552  -0.00000  -0.00000
   1     8     6  -0.13361  -0.00000   0.00000   0.25104   0.22099
   2     8     6  -0.00000  -0.17647  -0.20542   0.00000  -0.00000
   3     8     6   0.00000  -0.10096   0.14324  -0.00000  -0.00000
   1     9     6   0.22022   0.00000  -0.00000  -0.35322  -0.00000
   2     9     6  -0.00000   0.00000  -0.19344   0.00000   0.00000
   3     9     6   0.00000  -0.00752  -0.00000  -0.00000   0.00000
   1    10     6  -0.13361   0.00000   0.00000   0.25104  -0.22099
   2    10     6   0.00000   0.17647  -0.20542   0.00000   0.00000
   3    10     6   0.00000  -0.10096  -0.14324  -0.00000   0.00000
   1    11     1  -0.05944  -0.00000  -0.00000  -0.20931   0.35288
   2    11     1  -0.00000   0.23897  -0.29023   0.00000   0.00000
   3    11     1  -0.00000   0.09994   0.03370   0.00000  -0.00000
   1    12     1  -0.05944   0.00000  -0.00000   0.20931  -0.35288
   2    12     1   0.00000   0.23897   0.29023  -0.00000   0.00000
   3    12     1   0.00000  -0.09994   0.03370  -0.00000   0.00000
   1    13     1  -0.44722  -0.00000   0.00000   0.01436   0.13264
   2    13     1  -0.00000   0.21590   0.07589  -0.00000  -0.00000
   3    13     1  -0.00000   0.09749  -0.14360   0.00000  -0.00000
   1    14     1  -0.44722   0.00000  -0.00000   0.01436  -0.13264
   2    14     1   0.00000  -0.21590   0.07589  -0.00000  -0.00000
   3    14     1   0.00000   0.09749   0.14360  -0.00000   0.00000
   1    15     1  -0.05944   0.00000  -0.00000   0.20931   0.35288
   2    15     1   0.00000  -0.23897   0.29023  -0.00000   0.00000
   3    15     1  -0.00000  -0.09994  -0.03370   0.00000  -0.00000
   1    16     1  -0.05944   0.00000   0.00000  -0.20931  -0.35288
   2    16     1  -0.00000  -0.23897  -0.29023   0.00000  -0.00000
   3    16     1  -0.00000   0.09994  -0.03370  -0.00000   0.00000
   1    17     1  -0.44722   0.00000   0.00000  -0.01436   0.13264
   2    17     1  -0.00000  -0.21590  -0.07589   0.00000  -0.00000
   3    17     1  -0.00000  -0.09749   0.14360  -0.00000  -0.00000
   1    18     1  -0.44722  -0.00000   0.00000  -0.01436  -0.13264
   2    18     1   0.00000   0.21590  -0.07589   0.00000   0.00000
   3    18     1   0.00000  -0.09749  -0.14360  -0.00000   0.00000
                               11        12        13        14        15
                              B2U       B1G        AG       B3U        AU
        Frequencies ---  653.3350  704.8208  761.6029  763.1645  813.1268
     Reduced masses ---    6.5395    1.1564    4.8913    1.3459    1.2658
    Force constants ---    1.6446    0.3385    1.6716    0.4618    0.4931
     IR Intensities ---    0.0000    0.0000    0.0000    0.0000    0.0000
 Coord Atom Element:
   1     1     6   0.00000  -0.03026   0.00000  -0.03464   0.05468
   2     1     6   0.13303   0.00000  -0.01255  -0.00000   0.00000
   3     1     6  -0.03931  -0.00000  -0.02236  -0.00000   0.00000
   1     2     6  -0.00000  -0.03026   0.00000  -0.03464  -0.05468
   2     2     6   0.13303  -0.00000  -0.01255  -0.00000  -0.00000
   3     2     6   0.03931   0.00000   0.02236   0.00000   0.00000
   1     3     6   0.00000  -0.04964   0.00000  -0.06095  -0.05364
   2     3     6  -0.04121  -0.00000  -0.10653  -0.00000  -0.00000
   3     3     6   0.29858   0.00000   0.25045   0.00000  -0.00000
   1     4     6   0.00000  -0.00000  -0.00000   0.07448  -0.00000
   2     4     6  -0.17732   0.00000   0.00000   0.00000  -0.00000
   3     4     6  -0.00000   0.00000   0.16488   0.00000  -0.00000
   1     5     6  -0.00000   0.04964   0.00000  -0.06095   0.05364
   2     5     6  -0.04121   0.00000   0.10653   0.00000   0.00000
   3     5     6  -0.29858   0.00000   0.25045   0.00000  -0.00000
   1     6     6   0.00000   0.03026   0.00000  -0.03464   0.05468
   2     6     6   0.13303  -0.00000   0.01255   0.00000   0.00000
   3     6     6  -0.03931   0.00000   0.02236   0.00000   0.00000
   1     7     6  -0.00000   0.03026   0.00000  -0.03464  -0.05468
   2     7     6   0.13303  -0.00000   0.01255   0.00000  -0.00000
   3     7     6   0.03931   0.00000  -0.02236  -0.00000   0.00000
   1     8     6   0.00000   0.04964   0.00000  -0.06095  -0.05364
   2     8     6  -0.04121   0.00000   0.10653   0.00000  -0.00000
   3     8     6   0.29858  -0.00000  -0.25045  -0.00000  -0.00000
   1     9     6   0.00000   0.00000  -0.00000   0.07448   0.00000
   2     9     6  -0.17732  -0.00000   0.00000   0.00000  -0.00000
   3     9     6  -0.00000  -0.00000  -0.16488  -0.00000  -0.00000
   1    10     6  -0.00000  -0.04964   0.00000  -0.06095   0.05364
   2    10     6  -0.04121  -0.00000  -0.10653  -0.00000   0.00000
   3    10     6  -0.29858  -0.00000  -0.25045  -0.00000  -0.00000
   1    11     1   0.00000   0.34742  -0.00000   0.36958  -0.21548
   2    11     1   0.00557  -0.00000  -0.11437  -0.00000   0.00000
   3    11     1   0.18239  -0.00000   0.14519   0.00000   0.00000
   1    12     1  -0.00000   0.34742  -0.00000   0.36958   0.21548
   2    12     1   0.00557   0.00000  -0.11437  -0.00000  -0.00000
   3    12     1  -0.18239  -0.00000  -0.14519  -0.00000  -0.00000
   1    13     1   0.00000   0.35486  -0.00000   0.32514   0.44464
   2    13     1  -0.04320   0.00000  -0.24708  -0.00000   0.00000
   3    13     1   0.29837   0.00000   0.25781   0.00000   0.00000
   1    14     1  -0.00000  -0.35486  -0.00000   0.32514  -0.44464
   2    14     1  -0.04320   0.00000   0.24708   0.00000   0.00000
   3    14     1  -0.29837   0.00000   0.25781   0.00000   0.00000
   1    15     1   0.00000  -0.34742  -0.00000   0.36958  -0.21548
   2    15     1   0.00557  -0.00000   0.11437   0.00000   0.00000
   3    15     1   0.18239  -0.00000  -0.14519  -0.00000  -0.00000
   1    16     1  -0.00000  -0.34742  -0.00000   0.36958   0.21548
   2    16     1   0.00557   0.00000   0.11437   0.00000  -0.00000
   3    16     1  -0.18239   0.00000   0.14519   0.00000  -0.00000
   1    17     1   0.00000  -0.35486  -0.00000   0.32514   0.44464
   2    17     1  -0.04320   0.00000   0.24708   0.00000   0.00000
   3    17     1   0.29837  -0.00000  -0.25781  -0.00000   0.00000
   1    18     1   0.00000   0.35486  -0.00000   0.32514  -0.44464
   2    18     1  -0.04320  -0.00000  -0.24708  -0.00000  -0.00000
   3    18     1  -0.29837  -0.00000  -0.25781  -0.00000  -0.00000
                               16        17        18        19        20
                              B2G       B1U       B1G        AU       B3U
        Frequencies ---  822.4940  823.5911  900.2875  900.5384  902.3001
     Reduced masses ---    1.2787    5.5235    1.2710    1.1212    1.2673
    Force constants ---    0.5097    2.2074    0.6069    0.5357    0.6079
     IR Intensities ---    0.0000    0.0000    0.0000    0.0000    0.0000
 Coord Atom Element:
   1     1     6   0.05895   0.00000  -0.05607  -0.04745  -0.05396
   2     1     6  -0.00000   0.24916  -0.00000  -0.00000   0.00000
   3     1     6  -0.00000   0.11396  -0.00000  -0.00000   0.00000
   1     2     6  -0.05895  -0.00000  -0.05607   0.04745  -0.05396
   2     2     6   0.00000  -0.24916   0.00000  -0.00000  -0.00000
   3     2     6  -0.00000   0.11396   0.00000   0.00000   0.00000
   1     3     6  -0.05183  -0.00000   0.05330  -0.01806   0.05464
   2     3     6   0.00000  -0.13033  -0.00000   0.00000   0.00000
   3     3     6   0.00000  -0.03525  -0.00000  -0.00000  -0.00000
   1     4     6  -0.00107  -0.00000  -0.00000   0.00000  -0.00290
   2     4     6  -0.00000  -0.00000   0.00000   0.00000  -0.00000
   3     4     6   0.00000  -0.13716   0.00000  -0.00000  -0.00000
   1     5     6  -0.05183  -0.00000  -0.05330   0.01806   0.05464
   2     5     6  -0.00000   0.13033  -0.00000  -0.00000  -0.00000
   3     5     6   0.00000  -0.03525   0.00000  -0.00000   0.00000
   1     6     6  -0.05895  -0.00000   0.05607  -0.04745  -0.05396
   2     6     6  -0.00000   0.24916  -0.00000  -0.00000  -0.00000
   3     6     6  -0.00000   0.11396  -0.00000  -0.00000  -0.00000
   1     7     6   0.05895   0.00000   0.05607   0.04745  -0.05396
   2     7     6   0.00000  -0.24916   0.00000   0.00000   0.00000
   3     7     6  -0.00000   0.11396  -0.00000  -0.00000  -0.00000
   1     8     6   0.05183   0.00000  -0.05330  -0.01806   0.05464
   2     8     6   0.00000  -0.13033   0.00000  -0.00000  -0.00000
   3     8     6   0.00000  -0.03525   0.00000   0.00000   0.00000
   1     9     6   0.00107  -0.00000   0.00000  -0.00000  -0.00290
   2     9     6  -0.00000  -0.00000   0.00000   0.00000  -0.00000
   3     9     6   0.00000  -0.13716   0.00000   0.00000   0.00000
   1    10     6   0.05183   0.00000   0.05330   0.01806   0.05464
   2    10     6  -0.00000   0.13033  -0.00000   0.00000   0.00000
   3    10     6   0.00000  -0.03525  -0.00000  -0.00000  -0.00000
   1    11     1  -0.19116  -0.00000   0.36853   0.42914   0.35388
   2    11     1  -0.00000   0.36544  -0.00000  -0.00000  -0.00000
   3    11     1   0.00000  -0.08742  -0.00000  -0.00000  -0.00000
   1    12     1   0.19116   0.00000   0.36853  -0.42914   0.35388
   2    12     1   0.00000  -0.36544   0.00000  -0.00000   0.00000
   3    12     1   0.00000  -0.08742   0.00000   0.00000   0.00000
   1    13     1   0.45530   0.00000  -0.32894   0.25151  -0.34478
   2    13     1  -0.00000   0.07071  -0.00000   0.00000   0.00000
   3    13     1   0.00000  -0.03332  -0.00000   0.00000  -0.00000
   1    14     1   0.45530   0.00000   0.32894  -0.25151  -0.34478
   2    14     1   0.00000  -0.07071  -0.00000   0.00000   0.00000
   3    14     1   0.00000  -0.03332  -0.00000   0.00000   0.00000
   1    15     1   0.19116   0.00000  -0.36853   0.42914   0.35388
   2    15     1  -0.00000   0.36544  -0.00000  -0.00000   0.00000
   3    15     1   0.00000  -0.08742  -0.00000   0.00000   0.00000
   1    16     1  -0.19116  -0.00000  -0.36853  -0.42914   0.35388
   2    16     1   0.00000  -0.36544   0.00000   0.00000  -0.00000
   3    16     1   0.00000  -0.08742   0.00000  -0.00000  -0.00000
   1    17     1  -0.45530  -0.00000   0.32894   0.25151  -0.34478
   2    17     1  -0.00000   0.07071  -0.00000  -0.00000  -0.00000
   3    17     1   0.00000  -0.03332   0.00000   0.00000   0.00000
   1    18     1  -0.45530  -0.00000  -0.32894  -0.25151  -0.34478
   2    18     1   0.00000  -0.07071   0.00000   0.00000   0.00000
   3    18     1   0.00000  -0.03332  -0.00000  -0.00000  -0.00000
                               21        22        23        24        25
                              B2G       B3G       B2U        AG       B1U
        Frequencies ---  920.1052  971.1753 1018.2375 1031.5824 1171.7394
     Reduced masses ---    1.1893    5.1263    3.2227    2.5022    2.1968
    Force constants ---    0.5932    2.8487    1.9687    1.5688    1.7770
     IR Intensities ---    0.0000    0.0000    0.0000    0.0000    0.0000
 Coord Atom Element:
   1     1     6  -0.04875  -0.00000  -0.00000  -0.00000  -0.00000
   2     1     6  -0.00000  -0.13375   0.11707   0.07537  -0.00763
   3     1     6  -0.00000  -0.12430   0.15588   0.13675  -0.05468
   1     2     6   0.04875  -0.00000   0.00000   0.00000  -0.00000
   2     2     6  -0.00000   0.13375   0.11707   0.07537   0.00763
   3     2     6   0.00000  -0.12430  -0.15588  -0.13675  -0.05468
   1     3     6  -0.01356   0.00000  -0.00000  -0.00000   0.00000
   2     3     6   0.00000  -0.01523  -0.05208  -0.05995   0.02761
   3     3     6   0.00000   0.24453  -0.07699  -0.06562   0.12919
   1     4     6  -0.05598  -0.00000  -0.00000  -0.00000   0.00000
   2     4     6   0.00000  -0.02461  -0.08637   0.00000   0.00000
   3     4     6  -0.00000  -0.00000   0.00000   0.05840  -0.11437
   1     5     6  -0.01356   0.00000   0.00000  -0.00000   0.00000
   2     5     6  -0.00000  -0.01523  -0.05208   0.05995  -0.02761
   3     5     6   0.00000  -0.24453   0.07699  -0.06562   0.12919
   1     6     6   0.04875  -0.00000  -0.00000   0.00000  -0.00000
   2     6     6  -0.00000   0.13375   0.11707  -0.07537  -0.00763
   3     6     6  -0.00000   0.12430   0.15588  -0.13675  -0.05468
   1     7     6  -0.04875  -0.00000   0.00000  -0.00000   0.00000
   2     7     6  -0.00000  -0.13375   0.11707  -0.07537   0.00763
   3     7     6   0.00000   0.12430  -0.15588   0.13675  -0.05468
   1     8     6   0.01356   0.00000  -0.00000   0.00000  -0.00000
   2     8     6   0.00000   0.01523  -0.05208   0.05995   0.02761
   3     8     6   0.00000  -0.24453  -0.07699   0.06562   0.12919
   1     9     6   0.05598   0.00000   0.00000   0.00000   0.00000
   2     9     6   0.00000   0.02461  -0.08637   0.00000   0.00000
   3     9     6   0.00000   0.00000   0.00000  -0.05840  -0.11437
   1    10     6   0.01356   0.00000   0.00000   0.00000   0.00000
   2    10     6   0.00000   0.01523  -0.05208  -0.05995  -0.02761
   3    10     6  -0.00000   0.24453   0.07699   0.06562   0.12919
   1    11     1   0.43473   0.00000   0.00000   0.00000   0.00000
   2    11     1  -0.00000  -0.08727   0.04511   0.02398   0.15709
   3    11     1  -0.00000  -0.20426   0.31191   0.24942  -0.34198
   1    12     1  -0.43473   0.00000  -0.00000  -0.00000   0.00000
   2    12     1  -0.00000   0.08727   0.04511   0.02398  -0.15709
   3    12     1   0.00000  -0.20426  -0.31191  -0.24942  -0.34198
   1    13     1   0.23851  -0.00000   0.00000   0.00000  -0.00000
   2    13     1   0.00000  -0.21094  -0.30469  -0.38476   0.25081
   3    13     1   0.00000   0.24999  -0.08641  -0.07205   0.13575
   1    14     1   0.23851  -0.00000   0.00000   0.00000  -0.00000
   2    14     1  -0.00000  -0.21094  -0.30469   0.38476  -0.25081
   3    14     1  -0.00000  -0.24999   0.08641  -0.07205   0.13575
   1    15     1  -0.43473   0.00000  -0.00000   0.00000  -0.00000
   2    15     1  -0.00000   0.08727   0.04511  -0.02398   0.15709
   3    15     1  -0.00000   0.20426   0.31191  -0.24942  -0.34198
   1    16     1   0.43473   0.00000   0.00000   0.00000  -0.00000
   2    16     1  -0.00000  -0.08727   0.04511  -0.02398  -0.15709
   3    16     1   0.00000   0.20426  -0.31191   0.24942  -0.34198
   1    17     1  -0.23851  -0.00000  -0.00000   0.00000  -0.00000
   2    17     1  -0.00000   0.21094  -0.30469   0.38476   0.25081
   3    17     1  -0.00000  -0.24999  -0.08641   0.07205   0.13575
   1    18     1  -0.23851  -0.00000  -0.00000  -0.00000  -0.00000
   2    18     1   0.00000   0.21094  -0.30469  -0.38476  -0.25081
   3    18     1  -0.00000   0.24999   0.08641   0.07205   0.13575
                               26        27        28        29        30
                              B3G       B2U        AG       B2U       B3G
        Frequencies --- 1198.2343 1209.0796 1234.5335 1251.0547 1299.8137
     Reduced masses ---    1.5749    2.0237    1.1689    1.4716    1.6251
    Force constants ---    1.3322    1.7430    1.0496    1.3570    1.6177
     IR Intensities ---    0.0000    0.0000    0.0000    0.0000    0.0000
 Coord Atom Element:
   1     1     6  -0.00000   0.00000  -0.00000   0.00000   0.00000
   2     1     6  -0.06698   0.02477  -0.00872  -0.04236   0.03565
   3     1     6   0.02235  -0.04274   0.02444   0.03203   0.02751
   1     2     6   0.00000  -0.00000  -0.00000  -0.00000  -0.00000
   2     2     6   0.06698   0.02477  -0.00872  -0.04236  -0.03565
   3     2     6   0.02235   0.04274  -0.02444  -0.03203   0.02751
   1     3     6  -0.00000  -0.00000   0.00000   0.00000  -0.00000
   2     3     6  -0.05712  -0.07653  -0.01124   0.00104   0.00862
   3     3     6  -0.03487   0.02110   0.01341   0.03423   0.00581
   1     4     6   0.00000  -0.00000   0.00000   0.00000   0.00000
   2     4     6  -0.08285   0.16948   0.00000   0.11449   0.15429
   3     4     6   0.00000   0.00000  -0.07326  -0.00000  -0.00000
   1     5     6   0.00000   0.00000   0.00000  -0.00000   0.00000
   2     5     6  -0.05712  -0.07653   0.01124   0.00104   0.00862
   3     5     6   0.03487  -0.02110   0.01341  -0.03423  -0.00581
   1     6     6  -0.00000  -0.00000  -0.00000   0.00000  -0.00000
   2     6     6   0.06698   0.02477   0.00872  -0.04236  -0.03565
   3     6     6  -0.02235  -0.04274  -0.02444   0.03203  -0.02751
   1     7     6   0.00000  -0.00000  -0.00000  -0.00000   0.00000
   2     7     6  -0.06698   0.02477   0.00872  -0.04236   0.03565
   3     7     6  -0.02235   0.04274   0.02444  -0.03203  -0.02751
   1     8     6   0.00000   0.00000  -0.00000   0.00000  -0.00000
   2     8     6   0.05712  -0.07653   0.01124   0.00104  -0.00862
   3     8     6   0.03487   0.02110  -0.01341   0.03423  -0.00581
   1     9     6   0.00000   0.00000  -0.00000   0.00000  -0.00000
   2     9     6   0.08285   0.16948   0.00000   0.11449  -0.15429
   3     9     6   0.00000   0.00000   0.07326   0.00000  -0.00000
   1    10     6  -0.00000  -0.00000  -0.00000  -0.00000  -0.00000
   2    10     6   0.05712  -0.07653  -0.01124   0.00104  -0.00862
   3    10     6  -0.03487  -0.02110  -0.01341  -0.03423   0.00581
   1    11     1  -0.00000  -0.00000   0.00000   0.00000  -0.00000
   2    11     1  -0.23692   0.06422  -0.20941  -0.25943   0.07473
   3    11     1   0.31649  -0.11522   0.37968   0.40701  -0.03465
   1    12     1  -0.00000   0.00000  -0.00000   0.00000  -0.00000
   2    12     1   0.23692   0.06422  -0.20941  -0.25943  -0.07473
   3    12     1   0.31649   0.11522  -0.37968  -0.40701  -0.03465
   1    13     1   0.00000   0.00000  -0.00000  -0.00000   0.00000
   2    13     1  -0.28144  -0.45691   0.24115   0.06983  -0.47855
   3    13     1  -0.03990   0.02696   0.01304   0.04022   0.01298
   1    14     1  -0.00000  -0.00000  -0.00000  -0.00000  -0.00000
   2    14     1  -0.28144  -0.45691  -0.24115   0.06983  -0.47855
   3    14     1   0.03990  -0.02696   0.01304  -0.04022  -0.01298
   1    15     1   0.00000   0.00000   0.00000  -0.00000   0.00000
   2    15     1   0.23692   0.06422   0.20941  -0.25943  -0.07473
   3    15     1  -0.31649  -0.11522  -0.37968   0.40701   0.03465
   1    16     1  -0.00000   0.00000  -0.00000  -0.00000   0.00000
   2    16     1  -0.23692   0.06422   0.20941  -0.25943   0.07473
   3    16     1  -0.31649   0.11522   0.37968  -0.40701   0.03465
   1    17     1  -0.00000  -0.00000   0.00000  -0.00000   0.00000
   2    17     1   0.28144  -0.45691  -0.24115   0.06983   0.47855
   3    17     1   0.03990   0.02696  -0.01304   0.04022  -0.01298
   1    18     1   0.00000  -0.00000   0.00000   0.00000   0.00000
   2    18     1   0.28144  -0.45691   0.24115   0.06983   0.47855
   3    18     1  -0.03990  -0.02696  -0.01304  -0.04022   0.01298
                               31        32        33        34        35
                              B1U        AG       B2U       B1U       B3G
        Frequencies --- 1315.3576 1368.2397 1393.3322 1452.4869 1501.0181
     Reduced masses ---    1.8810    6.9213    2.9246    1.4100    1.8200
    Force constants ---    1.9175    7.6341    3.3452    1.7526    2.4160
     IR Intensities ---    0.0000    0.0000    0.0000    0.0000    0.0000
 Coord Atom Element:
   1     1     6   0.00000  -0.00000  -0.00000  -0.00000  -0.00000
   2     1     6   0.04251  -0.12639  -0.09546   0.01132   0.07422
   3     1     6  -0.00969   0.12157   0.10432  -0.05051  -0.06794
   1     2     6   0.00000  -0.00000  -0.00000  -0.00000  -0.00000
   2     2     6  -0.04251  -0.12639  -0.09546  -0.01132  -0.07422
   3     2     6  -0.00969  -0.12157  -0.10432  -0.05051  -0.06794
   1     3     6   0.00000   0.00000   0.00000   0.00000   0.00000
   2     3     6   0.05936   0.19206   0.13821  -0.07411  -0.03219
   3     3     6  -0.05238  -0.01897   0.06515   0.02877   0.04011
   1     4     6  -0.00000  -0.00000  -0.00000   0.00000  -0.00000
   2     4     6   0.00000   0.00000  -0.02246  -0.00000   0.10680
   3     4     6   0.15291   0.36466  -0.00000  -0.01719   0.00000
   1     5     6   0.00000   0.00000  -0.00000   0.00000  -0.00000
   2     5     6  -0.05936  -0.19206   0.13821   0.07411  -0.03219
   3     5     6  -0.05238  -0.01897  -0.06515   0.02877  -0.04011
   1     6     6  -0.00000  -0.00000  -0.00000   0.00000  -0.00000
   2     6     6   0.04251   0.12639  -0.09546   0.01132  -0.07422
   3     6     6  -0.00969  -0.12157   0.10432  -0.05051   0.06794
   1     7     6  -0.00000  -0.00000   0.00000  -0.00000  -0.00000
   2     7     6  -0.04251   0.12639  -0.09546  -0.01132   0.07422
   3     7     6  -0.00969   0.12157  -0.10432  -0.05051   0.06794
   1     8     6  -0.00000   0.00000   0.00000  -0.00000  -0.00000
   2     8     6   0.05936  -0.19206   0.13821  -0.07411   0.03219
   3     8     6  -0.05238   0.01897   0.06515   0.02877  -0.04011
   1     9     6  -0.00000   0.00000  -0.00000  -0.00000   0.00000
   2     9     6  -0.00000  -0.00000  -0.02246   0.00000  -0.10680
   3     9     6   0.15291  -0.36466   0.00000  -0.01719  -0.00000
   1    10     6   0.00000   0.00000   0.00000   0.00000   0.00000
   2    10     6  -0.05936   0.19206   0.13821   0.07411   0.03219
   3    10     6  -0.05238   0.01897  -0.06515   0.02877   0.04011
   1    11     1  -0.00000   0.00000  -0.00000   0.00000   0.00000
   2    11     1   0.10422  -0.12815   0.04186  -0.20142  -0.18689
   3    11     1  -0.11881   0.10886  -0.15722   0.32808   0.40804
   1    12     1   0.00000   0.00000   0.00000   0.00000   0.00000
   2    12     1  -0.10422  -0.12815   0.04186   0.20142   0.18689
   3    12     1  -0.11881  -0.10886   0.15722   0.32808   0.40804
   1    13     1  -0.00000  -0.00000  -0.00000  -0.00000  -0.00000
   2    13     1   0.44990   0.29527  -0.41717   0.30257   0.16588
   3    13     1  -0.05246  -0.00700   0.07686   0.03310   0.05088
   1    14     1  -0.00000  -0.00000  -0.00000  -0.00000   0.00000
   2    14     1  -0.44990  -0.29527  -0.41717  -0.30257   0.16588
   3    14     1  -0.05246  -0.00700  -0.07686   0.03310  -0.05088
   1    15     1   0.00000  -0.00000   0.00000  -0.00000   0.00000
   2    15     1   0.10422   0.12815   0.04186  -0.20142   0.18689
   3    15     1  -0.11881  -0.10886  -0.15722   0.32808  -0.40804
   1    16     1   0.00000   0.00000  -0.00000  -0.00000   0.00000
   2    16     1  -0.10422   0.12815   0.04186   0.20142  -0.18689
   3    16     1  -0.11881   0.10886   0.15722   0.32808  -0.40804
   1    17     1   0.00000  -0.00000  -0.00000   0.00000   0.00000
   2    17     1   0.44990  -0.29527  -0.41717   0.30257  -0.16588
   3    17     1  -0.05246   0.00700   0.07686   0.03310  -0.05088
   1    18     1  -0.00000  -0.00000   0.00000  -0.00000  -0.00000
   2    18     1  -0.44990   0.29527  -0.41717  -0.30257  -0.16588
   3    18     1  -0.05246   0.00700  -0.07686   0.03310   0.05088
                               36        37        38        39        40
                               AG       B2U        AG       B1U       B3G
        Frequencies --- 1512.2086 1534.0098 1569.5337 1607.4474 1634.0447
     Reduced masses ---    1.6324    2.2918    5.3737    3.6668    5.0168
    Force constants ---    2.1994    3.1775    7.7994    5.5823    7.8922
     IR Intensities ---    0.0000    0.0000    0.0000    0.0000    0.0000
 Coord Atom Element:
   1     1     6  -0.00000  -0.00000   0.00000   0.00000  -0.00000
   2     1     6   0.01654  -0.01402   0.09483   0.15432  -0.13127
   3     1     6   0.07674   0.12919  -0.18763  -0.08350   0.06420
   1     2     6   0.00000   0.00000  -0.00000  -0.00000   0.00000
   2     2     6   0.01654  -0.01402   0.09483  -0.15432   0.13127
   3     2     6  -0.07674  -0.12919   0.18763  -0.08350   0.06420
   1     3     6  -0.00000  -0.00000  -0.00000   0.00000  -0.00000
   2     3     6  -0.08747  -0.07560  -0.10916   0.16384  -0.20893
   3     3     6   0.01223   0.05140  -0.12085   0.05297  -0.02919
   1     4     6   0.00000  -0.00000  -0.00000  -0.00000   0.00000
   2     4     6  -0.00000   0.08897  -0.00000   0.00000   0.22503
   3     4     6   0.02201   0.00000   0.23907  -0.00842  -0.00000
   1     5     6  -0.00000  -0.00000   0.00000   0.00000   0.00000
   2     5     6   0.08747  -0.07560   0.10916  -0.16384  -0.20893
   3     5     6   0.01223  -0.05140  -0.12085   0.05297   0.02919
   1     6     6   0.00000  -0.00000  -0.00000  -0.00000  -0.00000
   2     6     6  -0.01654  -0.01402  -0.09483   0.15432   0.13127
   3     6     6  -0.07674   0.12919   0.18763  -0.08350  -0.06420
   1     7     6  -0.00000   0.00000   0.00000   0.00000   0.00000
   2     7     6  -0.01654  -0.01402  -0.09483  -0.15432  -0.13127
   3     7     6   0.07674  -0.12919  -0.18763  -0.08350  -0.06420
   1     8     6   0.00000   0.00000  -0.00000  -0.00000  -0.00000
   2     8     6   0.08747  -0.07560   0.10916   0.16384   0.20893
   3     8     6  -0.01223   0.05140   0.12085   0.05297   0.02919
   1     9     6   0.00000   0.00000   0.00000   0.00000  -0.00000
   2     9     6   0.00000   0.08897   0.00000  -0.00000  -0.22503
   3     9     6  -0.02201  -0.00000  -0.23907  -0.00842   0.00000
   1    10     6   0.00000   0.00000  -0.00000   0.00000  -0.00000
   2    10     6  -0.08747  -0.07560  -0.10916  -0.16384   0.20893
   3    10     6  -0.01223  -0.05140   0.12085   0.05297  -0.02919
   1    11     1   0.00000   0.00000  -0.00000   0.00000  -0.00000
   2    11     1   0.19072   0.21573  -0.13267  -0.06836   0.01498
   3    11     1  -0.21033  -0.25990   0.22654   0.34518  -0.22307
   1    12     1  -0.00000  -0.00000   0.00000   0.00000  -0.00000
   2    12     1   0.19072   0.21573  -0.13267   0.06836  -0.01498
   3    12     1   0.21033   0.25990  -0.22654   0.34518  -0.22307
   1    13     1  -0.00000  -0.00000   0.00000  -0.00000  -0.00000
   2    13     1   0.39370   0.32174   0.25421  -0.24699   0.32792
   3    13     1   0.01365   0.05653  -0.13100   0.06852  -0.03620
   1    14     1  -0.00000   0.00000   0.00000   0.00000   0.00000
   2    14     1  -0.39370   0.32174  -0.25421   0.24699   0.32792
   3    14     1   0.01365  -0.05653  -0.13100   0.06852   0.03620
   1    15     1  -0.00000   0.00000   0.00000  -0.00000   0.00000
   2    15     1  -0.19072   0.21573   0.13267  -0.06836  -0.01498
   3    15     1   0.21033  -0.25990  -0.22654   0.34518   0.22307
   1    16     1   0.00000  -0.00000  -0.00000  -0.00000  -0.00000
   2    16     1  -0.19072   0.21573   0.13267   0.06836   0.01498
   3    16     1  -0.21033   0.25990   0.22654   0.34518   0.22307
   1    17     1  -0.00000  -0.00000  -0.00000  -0.00000   0.00000
   2    17     1  -0.39370   0.32174  -0.25421  -0.24699  -0.32792
   3    17     1  -0.01365   0.05653   0.13100   0.06852   0.03620
   1    18     1   0.00000   0.00000  -0.00000  -0.00000   0.00000
   2    18     1   0.39370   0.32174   0.25421   0.24699  -0.32792
   3    18     1  -0.01365  -0.05653   0.13100   0.06852  -0.03620
                               41        42        43        44        45
                              B3G       B1U       B2U        AG       B3G
        Frequencies --- 3167.2827 3169.1188 3169.8859 3172.2660 3194.1117
     Reduced masses ---    1.0879    1.0880    1.0892    1.0882    1.0920
    Force constants ---    6.4298    6.4382    6.4483    6.4523    6.5642
     IR Intensities ---    0.0000    0.0000    0.0000    0.0000    0.0000
 Coord Atom Element:
   1     1     6   0.00000   0.00000  -0.00000  -0.00000  -0.00000
   2     1     6   0.01315   0.01477  -0.00883  -0.01007  -0.03594
   3     1     6   0.00869   0.00955  -0.00660  -0.00714  -0.01776
   1     2     6   0.00000   0.00000   0.00000   0.00000  -0.00000
   2     2     6  -0.01315  -0.01477  -0.00883  -0.01007   0.03594
   3     2     6   0.00869   0.00955   0.00660   0.00714  -0.01776
   1     3     6   0.00000  -0.00000   0.00000   0.00000   0.00000
   2     3     6  -0.00008  -0.00030  -0.00013  -0.00014  -0.00132
   3     3     6  -0.03962  -0.03891  -0.04155  -0.04094  -0.01746
   1     4     6   0.00000  -0.00000   0.00000  -0.00000  -0.00000
   2     4     6  -0.00207  -0.00000  -0.00235  -0.00000  -0.00144
   3     4     6   0.00000   0.00066   0.00000  -0.00062   0.00000
   1     5     6   0.00000  -0.00000   0.00000  -0.00000   0.00000
   2     5     6  -0.00008   0.00030  -0.00013   0.00014  -0.00132
   3     5     6   0.03962  -0.03891   0.04155  -0.04094   0.01746
   1     6     6   0.00000  -0.00000   0.00000  -0.00000  -0.00000
   2     6     6  -0.01315   0.01477  -0.00883   0.01007   0.03594
   3     6     6  -0.00869   0.00955  -0.00660   0.00714   0.01776
   1     7     6  -0.00000  -0.00000   0.00000  -0.00000  -0.00000
   2     7     6   0.01315  -0.01477  -0.00883   0.01007  -0.03594
   3     7     6  -0.00869   0.00955   0.00660  -0.00714   0.01776
   1     8     6  -0.00000   0.00000   0.00000  -0.00000  -0.00000
   2     8     6   0.00008  -0.00030  -0.00013   0.00014   0.00132
   3     8     6   0.03962  -0.03891  -0.04155   0.04094   0.01746
   1     9     6  -0.00000   0.00000  -0.00000  -0.00000  -0.00000
   2     9     6   0.00207   0.00000  -0.00235  -0.00000   0.00144
   3     9     6  -0.00000   0.00066  -0.00000   0.00062   0.00000
   1    10     6  -0.00000   0.00000  -0.00000  -0.00000  -0.00000
   2    10     6   0.00008   0.00030  -0.00013  -0.00014   0.00132
   3    10     6  -0.03962  -0.03891   0.04155   0.04094  -0.01746
   1    11     1  -0.00000  -0.00000   0.00000   0.00000   0.00000
   2    11     1  -0.16782  -0.18364   0.11921   0.13029   0.40174
   3    11     1  -0.09630  -0.10527   0.06924   0.07618   0.22325
   1    12     1  -0.00000  -0.00000  -0.00000  -0.00000   0.00000
   2    12     1   0.16782   0.18364   0.11921   0.13029  -0.40174
   3    12     1  -0.09630  -0.10527  -0.06924  -0.07618   0.22325
   1    13     1  -0.00000  -0.00000  -0.00000  -0.00000  -0.00000
   2    13     1   0.00112  -0.00164   0.00143  -0.00228   0.00217
   3    13     1   0.45907   0.45096   0.47869   0.47475   0.19196
   1    14     1  -0.00000   0.00000  -0.00000   0.00000  -0.00000
   2    14     1   0.00112   0.00164   0.00143   0.00228   0.00217
   3    14     1  -0.45907   0.45096  -0.47869   0.47475  -0.19196
   1    15     1  -0.00000   0.00000  -0.00000   0.00000   0.00000
   2    15     1   0.16782  -0.18364   0.11921  -0.13029  -0.40174
   3    15     1   0.09630  -0.10527   0.06924  -0.07618  -0.22325
   1    16     1  -0.00000   0.00000   0.00000  -0.00000   0.00000
   2    16     1  -0.16782   0.18364   0.11921  -0.13029   0.40174
   3    16     1   0.09630  -0.10527  -0.06924   0.07618  -0.22325
   1    17     1   0.00000  -0.00000  -0.00000   0.00000   0.00000
   2    17     1  -0.00112  -0.00164   0.00143   0.00228  -0.00217
   3    17     1  -0.45907   0.45096   0.47869  -0.47475  -0.19196
   1    18     1  -0.00000   0.00000  -0.00000  -0.00000  -0.00000
   2    18     1  -0.00112   0.00164   0.00143  -0.00228  -0.00217
   3    18     1   0.45907   0.45096  -0.47869  -0.47475   0.19196
                               46        47        48
                              B1U       B2U        AG
        Frequencies --- 3194.4528 3210.8921 3211.7389
     Reduced masses ---    1.0919    1.0967    1.0965
    Force constants ---    6.5646    6.6620    6.6640
     IR Intensities ---    0.0000    0.0000    0.0000
 Coord Atom Element:
   1     1     6  -0.00000  -0.00000  -0.00000
   2     1     6  -0.03529  -0.03733  -0.03696
   3     1     6  -0.01728  -0.02129  -0.02107
   1     2     6  -0.00000  -0.00000  -0.00000
   2     2     6   0.03529  -0.03733  -0.03696
   3     2     6  -0.01728   0.02129   0.02107
   1     3     6  -0.00000   0.00000  -0.00000
   2     3     6  -0.00158   0.00190   0.00202
   3     3     6  -0.01911   0.01309   0.01424
   1     4     6  -0.00000   0.00000  -0.00000
   2     4     6   0.00000   0.00148   0.00000
   3     4     6   0.00064  -0.00000   0.00015
   1     5     6   0.00000   0.00000   0.00000
   2     5     6   0.00158   0.00190  -0.00202
   3     5     6  -0.01911  -0.01309   0.01424
   1     6     6   0.00000   0.00000  -0.00000
   2     6     6  -0.03529  -0.03733   0.03696
   3     6     6  -0.01728  -0.02129   0.02107
   1     7     6   0.00000  -0.00000   0.00000
   2     7     6   0.03529  -0.03733   0.03696
   3     7     6  -0.01728   0.02129  -0.02107
   1     8     6   0.00000  -0.00000   0.00000
   2     8     6  -0.00158   0.00190  -0.00202
   3     8     6  -0.01911   0.01309  -0.01424
   1     9     6   0.00000  -0.00000  -0.00000
   2     9     6  -0.00000   0.00148   0.00000
   3     9     6   0.00064   0.00000  -0.00015
   1    10     6  -0.00000  -0.00000  -0.00000
   2    10     6   0.00158   0.00190   0.00202
   3    10     6  -0.01911  -0.01309  -0.01424
   1    11     1   0.00000   0.00000   0.00000
   2    11     1   0.39478   0.41613   0.41283
   3    11     1   0.21905   0.23727   0.23495
   1    12     1   0.00000  -0.00000  -0.00000
   2    12     1  -0.39478   0.41613   0.41283
   3    12     1   0.21905  -0.23727  -0.23495
   1    13     1  -0.00000   0.00000   0.00000
   2    13     1   0.00090  -0.00308  -0.00187
   3    13     1   0.21037  -0.13605  -0.14949
   1    14     1   0.00000   0.00000  -0.00000
   2    14     1  -0.00090  -0.00308   0.00187
   3    14     1   0.21037   0.13605  -0.14949
   1    15     1  -0.00000  -0.00000   0.00000
   2    15     1   0.39478   0.41613  -0.41283
   3    15     1   0.21905   0.23727  -0.23495
   1    16     1  -0.00000   0.00000  -0.00000
   2    16     1  -0.39478   0.41613  -0.41283
   3    16     1   0.21905  -0.23727   0.23495
   1    17     1  -0.00000   0.00000  -0.00000
   2    17     1   0.00090  -0.00308   0.00187
   3    17     1   0.21037  -0.13605   0.14949
   1    18     1  -0.00000  -0.00000  -0.00000
   2    18     1  -0.00090  -0.00308  -0.00187
   3    18     1   0.21037   0.13605   0.14949
