6 0 C2H4
 1 2 1.0 3 1.0 4 1.0
 2 5 1.0 6 1.0
 3
 4
 5
 6
      1          6           0       -0.000000    0.000000    0.670436
      2          6           0        0.000000    0.000000   -0.670436
      3          1           0       -0.000000    0.921936    1.243727
      4          1           0        0.000000   -0.921936    1.243727
      5          1           0       -0.000000   -0.921936   -1.243727
      6          1           0        0.000000    0.921936   -1.243727
                                1         2         3         4         5
                              B2U       B2G       B3U        AU       B3G
        Frequencies ---  893.1411  980.6391 1005.2585 1091.8923 1304.7454
     Reduced masses ---    1.0439    1.5168    1.1607    1.0078    1.5242
    Force constants ---    0.4906    0.8594    0.6911    0.7079    1.5288
     IR Intensities ---    0.0000    0.0000    0.0000    0.0000    0.0000
 Coord Atom Element:
   1     1     6  -0.00000   0.15215  -0.08340   0.00000   0.00000
   2     1     6   0.04052   0.00000   0.00000  -0.00000   0.15326
   3     1     6   0.00000  -0.00000   0.00000  -0.00000   0.00000
   1     2     6   0.00000  -0.15215  -0.08340   0.00000   0.00000
   2     2     6   0.04052  -0.00000  -0.00000  -0.00000  -0.15326
   3     2     6  -0.00000   0.00000  -0.00000   0.00000   0.00000
   1     3     1   0.00000  -0.48829   0.49651   0.50000  -0.00000
   2     3     1  -0.24122   0.00000  -0.00000   0.00000  -0.14676
   3     3     1   0.43703  -0.00000   0.00000  -0.00000   0.46553
   1     4     1  -0.00000  -0.48829   0.49651  -0.50000  -0.00000
   2     4     1  -0.24122   0.00000  -0.00000   0.00000  -0.14676
   3     4     1  -0.43703  -0.00000   0.00000   0.00000  -0.46553
   1     5     1   0.00000   0.48829   0.49651   0.50000  -0.00000
   2     5     1  -0.24122   0.00000   0.00000   0.00000   0.14676
   3     5     1   0.43703   0.00000   0.00000   0.00000  -0.46553
   1     6     1  -0.00000   0.48829   0.49651  -0.50000  -0.00000
   2     6     1  -0.24122   0.00000   0.00000  -0.00000   0.14676
   3     6     1  -0.43703   0.00000   0.00000   0.00000   0.46553
                                6         7         8         9        10
                               AG       B1U        AG       B1U        AG
        Frequencies --- 1434.0945 1572.0867 1694.0731 3174.2537 3193.2764
     Reduced masses ---    1.4984    1.1112    2.1376    1.0484    1.0723
    Force constants ---    1.8156    1.6181    3.6144    6.2237    6.4422
     IR Intensities ---    0.0000    0.0000    0.0000    0.0000    0.0000
 Coord Atom Element:
   1     1     6   0.00000   0.00000   0.00000   0.00000   0.00000
   2     1     6   0.00000   0.00000  -0.00000   0.00000   0.00000
   3     1     6   0.14938  -0.06858   0.22669  -0.04295  -0.05415
   1     2     6  -0.00000   0.00000  -0.00000  -0.00000   0.00000
   2     2     6  -0.00000  -0.00000   0.00000  -0.00000   0.00000
   3     2     6  -0.14938  -0.06858  -0.22669  -0.04295   0.05415
   1     3     1  -0.00000  -0.00000  -0.00000  -0.00000   0.00000
   2     3     1  -0.16282  -0.28448   0.35684   0.42861   0.42795
   3     3     1   0.46080   0.40831  -0.31140   0.25568   0.25572
   1     4     1  -0.00000  -0.00000  -0.00000   0.00000  -0.00000
   2     4     1   0.16282   0.28448  -0.35684  -0.42861  -0.42795
   3     4     1   0.46080   0.40831  -0.31140   0.25568   0.25572
   1     5     1   0.00000  -0.00000   0.00000  -0.00000   0.00000
   2     5     1   0.16282  -0.28448  -0.35684   0.42861  -0.42795
   3     5     1  -0.46080   0.40831   0.31140   0.25568  -0.25572
   1     6     1   0.00000  -0.00000   0.00000   0.00000  -0.00000
   2     6     1  -0.16282   0.28448   0.35684  -0.42861   0.42795
   3     6     1  -0.46080   0.40831   0.31140   0.25568  -0.25572
                               11        12
                              B3G       B2U
        Frequencies --- 3249.5174 3278.9852
     Reduced masses ---    1.1124    1.1163
    Force constants ---    6.9208    7.0714
     IR Intensities ---    0.0000    0.0000
 Coord Atom Element:
   1     1     6  -0.00000  -0.00000
   2     1     6  -0.06897  -0.07024
   3     1     6  -0.00000  -0.00000
   1     2     6  -0.00000   0.00000
   2     2     6   0.06897  -0.07024
   3     2     6  -0.00000   0.00000
   1     3     1   0.00000   0.00000
   2     3     1   0.41962   0.41817
   3     3     1   0.26747   0.26958
   1     4     1   0.00000   0.00000
   2     4     1   0.41962   0.41817
   3     4     1  -0.26747  -0.26958
   1     5     1   0.00000  -0.00000
   2     5     1  -0.41962   0.41817
   3     5     1  -0.26747   0.26958
   1     6     1   0.00000  -0.00000
   2     6     1  -0.41962   0.41817
   3     6     1   0.26747  -0.26958
