9 0 C3H6
 1 2 1.0 3 1.0 4 1.0 5 1.0
 2 3 1.0 6 1.0 7 1.0
 3 8 1.0 9 1.0
 4
 5
 6
 7
 8
 9
      1          6           0        0.000000    0.883524    0.000000
      2          6           0        0.765154   -0.441762    0.000000
      3          6           0       -0.765154   -0.441762    0.000000
      4          1           0        0.000000    1.465663    0.912879
      5          1           0        0.000000    1.465663   -0.912879
      6          1           0        1.269302   -0.732832    0.912879
      7          1           0        1.269302   -0.732832   -0.912879
      8          1           0       -1.269302   -0.732832   -0.912879
      9          1           0       -1.269302   -0.732832    0.912879
                                1         2         3         4         5
                               E"        E"        E'        E'       A2"
        Frequencies ---  793.0838  793.0838  856.1975  856.1975  887.3474
     Reduced masses ---    1.0274    1.0274    4.6264    4.6264    1.0448
    Force constants ---    0.3808    0.3808    1.9982    1.9982    0.4847
     IR Intensities ---    0.0000    0.0000    0.0000    0.0000    0.0000
 Coord Atom Element:
   1     1     6   0.00000   0.00000   0.32109  -0.00302  -0.00000
   2     1     6   0.00000  -0.00000   0.00321   0.34110  -0.00000
   3     1     6  -0.01722   0.02988  -0.00000   0.00000   0.03348
   1     2     6  -0.00000   0.00000  -0.17824  -0.28508   0.00000
   2     2     6  -0.00000   0.00000   0.28527  -0.15824  -0.00000
   3     2     6  -0.01727  -0.02986   0.00000   0.00000   0.03348
   1     3     6   0.00000  -0.00000  -0.17286   0.28838  -0.00000
   2     3     6  -0.00000  -0.00000  -0.28819  -0.15285   0.00000
   3     3     6   0.03449  -0.00003  -0.00000   0.00000   0.03348
   1     4     1   0.37459   0.21590   0.38699  -0.00364  -0.00000
   2     4     1  -0.16679   0.28939   0.00252   0.26787   0.35549
   3     4     1   0.09240  -0.16031   0.00043   0.04549  -0.19933
   1     5     1  -0.37459  -0.21590   0.38699  -0.00364   0.00000
   2     5     1   0.16679  -0.28939   0.00252   0.26787  -0.35549
   3     5     1   0.09240  -0.16031  -0.00043  -0.04549  -0.19933
   1     6     1   0.04232  -0.35863  -0.10682  -0.28258   0.30787
   2     6     1   0.40774  -0.04289   0.28146  -0.22594  -0.17775
   3     6     1   0.09264   0.16018  -0.03961  -0.02237  -0.19933
   1     7     1  -0.04232   0.35863  -0.10682  -0.28258  -0.30787
   2     7     1  -0.40774   0.04289   0.28146  -0.22594   0.17775
   3     7     1   0.09264   0.16018   0.03961   0.02237  -0.19933
   1     8     1   0.28911  -0.21639  -0.10149   0.28454   0.30787
   2     8     1   0.16729   0.37431  -0.28566  -0.22061   0.17775
   3     8     1  -0.18503   0.00014  -0.03918   0.02311  -0.19933
   1     9     1  -0.28911   0.21639  -0.10149   0.28454  -0.30787
   2     9     1  -0.16729  -0.37431  -0.28566  -0.22061  -0.17775
   3     9     1  -0.18503   0.00014   0.03918  -0.02311  -0.19933
                                6         7         8         9        10
                               E'        E'       A1'       A2'       A1"
        Frequencies --- 1147.2350 1147.2350 1152.8015 1169.7560 1215.8586
     Reduced masses ---    1.1922    1.1922    3.9738    1.4186    1.0078
    Force constants ---    0.9245    0.9245    3.1114    1.1437    0.8778
     IR Intensities ---    0.0000    0.0000    0.0000    0.0000    0.0000
 Coord Atom Element:
   1     1     6  -0.10496   0.00371  -0.00000  -0.11161   0.00000
   2     1     6   0.00044   0.01246   0.29990  -0.00000   0.00000
   3     1     6  -0.00000   0.00000  -0.00000   0.00000  -0.00000
   1     2     6  -0.01869  -0.05025   0.25972   0.05581   0.00000
   2     2     6  -0.05351  -0.07380  -0.14995   0.09666  -0.00000
   3     2     6   0.00000   0.00000   0.00000  -0.00000  -0.00000
   1     3     6  -0.01510   0.05144  -0.25972   0.05581  -0.00000
   2     3     6   0.04817  -0.07740  -0.14995  -0.09666  -0.00000
   3     3     6  -0.00000  -0.00000   0.00000   0.00000   0.00000
   1     4     1   0.57148  -0.02019   0.00000   0.40055   0.40825
   2     4     1  -0.00074  -0.02083   0.34884  -0.00000  -0.00000
   3     4     1   0.00062   0.01758  -0.00290   0.00000   0.00000
   1     5     1   0.57148  -0.02019   0.00000   0.40055  -0.40825
   2     5     1  -0.00074  -0.02083   0.34884  -0.00000   0.00000
   3     5     1  -0.00062  -0.01758   0.00290  -0.00000   0.00000
   1     6     1   0.13631   0.25198   0.30210  -0.20027  -0.20412
   2     6     1   0.27144   0.41434  -0.17442  -0.34688  -0.35355
   3     6     1   0.01491  -0.00933  -0.00290   0.00000   0.00000
   1     7     1   0.13631   0.25198   0.30210  -0.20027   0.20412
   2     7     1   0.27144   0.41434  -0.17442  -0.34688   0.35355
   3     7     1  -0.01491   0.00933   0.00290  -0.00000   0.00000
   1     8     1   0.11819  -0.26097  -0.30210  -0.20027   0.20412
   2     8     1  -0.24152   0.43246  -0.17442   0.34688  -0.35355
   3     8     1   0.01553   0.00825   0.00290   0.00000  -0.00000
   1     9     1   0.11819  -0.26097  -0.30210  -0.20027  -0.20412
   2     9     1  -0.24152   0.43246  -0.17442   0.34688   0.35355
   3     9     1  -0.01553  -0.00825  -0.00290  -0.00000  -0.00000
                               11        12        13        14        15
                               E"        E"        E'        E'       A1'
        Frequencies --- 1258.6602 1258.6602 1564.0808 1564.0808 1584.6164
     Reduced masses ---    1.4315    1.4315    1.0850    1.0850    1.1445
    Force constants ---    1.3362    1.3362    1.5638    1.5638    1.6932
     IR Intensities ---    0.0000    0.0000    0.0000    0.0000    0.0000
 Coord Atom Element:
   1     1     6   0.00000   0.00000  -0.01596   0.00045  -0.00000
   2     1     6  -0.00000   0.00000  -0.00189  -0.06649  -0.06438
   3     1     6  -0.07890   0.13954  -0.00000   0.00000  -0.00000
   1     2     6  -0.00000  -0.00000  -0.05323   0.02341  -0.05576
   2     2     6  -0.00000  -0.00000   0.02106  -0.02922   0.03219
   3     2     6  -0.08140  -0.13810   0.00000  -0.00000   0.00000
   1     3     6   0.00000  -0.00000  -0.05448  -0.02034   0.05576
   2     3     6  -0.00000  -0.00000  -0.02269  -0.02797   0.03219
   3     3     6   0.16030  -0.00144   0.00000   0.00000  -0.00000
   1     4     1  -0.35504  -0.20076   0.01847  -0.00053   0.00000
   2     4     1  -0.18896   0.33417   0.01346   0.47240   0.32753
   3     4     1   0.04044  -0.07152  -0.00933  -0.32745  -0.23941
   1     5     1   0.35504   0.20076   0.01847  -0.00053   0.00000
   2     5     1   0.18896  -0.33417   0.01346   0.47240   0.32753
   3     5     1   0.04044  -0.07152   0.00933   0.32745   0.23941
   1     6     1  -0.34450  -0.18287   0.35332  -0.20679   0.28365
   2     6     1  -0.20685   0.34471  -0.19280   0.13755  -0.16376
   3     6     1   0.04172   0.07078  -0.27891   0.17180  -0.23941
   1     7     1   0.34450   0.18287   0.35332  -0.20679   0.28365
   2     7     1   0.20685  -0.34471  -0.19280   0.13755  -0.16376
   3     7     1   0.04172   0.07078   0.27891  -0.17180   0.23941
   1     8     1   0.33428   0.20095   0.36452   0.18633  -0.28365
   2     8     1   0.18877  -0.35494   0.20032   0.12635  -0.16376
   3     8     1  -0.08216   0.00074  -0.28824  -0.15564   0.23941
   1     9     1  -0.33428  -0.20095   0.36452   0.18633  -0.28365
   2     9     1  -0.18877   0.35494   0.20032   0.12635  -0.16376
   3     9     1  -0.08216   0.00074   0.28824   0.15564  -0.23941
                               16        17        18        19        20
                               E'        E'       A1'        E"        E"
        Frequencies --- 3205.0308 3205.0308 3214.4952 3289.4400 3289.4400
     Reduced masses ---    1.0496    1.0496    1.0611    1.1172    1.1172
    Force constants ---    6.3524    6.3524    6.4600    7.1222    7.1222
     IR Intensities ---    0.0000    0.0000    0.0000    0.0000    0.0000
 Coord Atom Element:
   1     1     6   0.00007  -0.00023   0.00000  -0.00000   0.00000
   2     1     6  -0.04814  -0.01469  -0.04019  -0.00000   0.00000
   3     1     6  -0.00000   0.00000   0.00000   0.04078   0.07049
   1     2     6   0.03178  -0.02984  -0.03481  -0.00000   0.00000
   2     2     6  -0.01854   0.01702   0.02010   0.00000  -0.00000
   3     2     6   0.00000  -0.00000  -0.00000   0.04065  -0.07056
   1     3     6  -0.00971  -0.04250   0.03481   0.00000  -0.00000
   2     3     6  -0.00588  -0.02447   0.02010   0.00000  -0.00000
   3     3     6  -0.00000  -0.00000   0.00000  -0.08143   0.00007
   1     4     1  -0.00059   0.00193  -0.00000   0.00432  -0.00250
   2     4     1   0.28608   0.08729   0.20863  -0.15579  -0.26929
   3     4     1   0.47110   0.14374   0.34976  -0.24183  -0.41800
   1     5     1  -0.00059   0.00193  -0.00000  -0.00432   0.00250
   2     5     1   0.28608   0.08729   0.20863   0.15579   0.26929
   3     5     1  -0.47110  -0.14374  -0.34976  -0.24183  -0.41800
   1     6     1  -0.18866   0.17750   0.18068  -0.13234   0.23470
   2     6     1   0.11051  -0.10078  -0.10431   0.08141  -0.13262
   3     6     1  -0.36003   0.33612   0.34976  -0.24108   0.41843
   1     7     1  -0.18866   0.17750   0.18068   0.13234  -0.23470
   2     7     1   0.11051  -0.10078  -0.10431  -0.08141   0.13262
   3     7     1   0.36003  -0.33612  -0.34976  -0.24108   0.41843
   1     8     1   0.05743   0.25259  -0.18068   0.26943   0.00226
   2     8     1   0.03543   0.14531  -0.10431   0.15555  -0.00446
   3     8     1   0.11107   0.47986  -0.34976   0.48291  -0.00043
   1     9     1   0.05743   0.25259  -0.18068  -0.26943  -0.00226
   2     9     1   0.03543   0.14531  -0.10431  -0.15555   0.00446
   3     9     1  -0.11107  -0.47986   0.34976   0.48291  -0.00043
                               21
                              A2"
        Frequencies --- 3311.8831
     Reduced masses ---    1.1153
    Force constants ---    7.2075
     IR Intensities ---    0.0000
 Coord Atom Element:
   1     1     6  -0.00000
   2     1     6   0.00000
   3     1     6  -0.05709
   1     2     6   0.00000
   2     2     6  -0.00000
   3     2     6  -0.05709
   1     3     6   0.00000
   2     3     6   0.00000
   3     3     6  -0.05709
   1     4     1  -0.00000
   2     4     1   0.22257
   3     4     1   0.33986
   1     5     1   0.00000
   2     5     1  -0.22257
   3     5     1   0.33986
   1     6     1   0.19275
   2     6     1  -0.11128
   3     6     1   0.33986
   1     7     1  -0.19275
   2     7     1   0.11128
   3     7     1   0.33986
   1     8     1   0.19275
   2     8     1   0.11128
   3     8     1   0.33986
   1     9     1  -0.19275
   2     9     1  -0.11128
   3     9     1   0.33986
