12 0 C3O3H6
 1 5 1.0 6 1.0 10 1.0 12 1.0
 2 4 1.0 9 1.0 10 1.0 11 1.0
 3 7 1.0 8 1.0 11 1.0 12 1.0
 4
 5
 6
 7
 8
 9
 10
 11
 12
      1          6           0        0.000000    1.369030    0.192528
      2          6           0        1.185615   -0.684515    0.192528
      3          6           0       -1.185615   -0.684515    0.192528
      4          1           0        2.048744   -1.182843   -0.239107
      5          1           0        0.000000    1.399410    1.294970
      6          1           0        0.000000    2.365686   -0.239107
      7          1           0       -2.048744   -1.182843   -0.239107
      8          1           0       -1.211925   -0.699705    1.294970
      9          1           0        1.211925   -0.699705    1.294970
     10          8           0        1.212757    0.700186   -0.276379
     11          8           0       -0.000000   -1.400371   -0.276379
     12          8           0       -1.212757    0.700186   -0.276379
                                1         2         3         4         5
                                E         E        A1         E         E
        Frequencies ---  289.9891  289.9891  443.2820  502.3556  502.3556
     Reduced masses ---    2.5861    2.5861    1.7999    7.2061    7.2061
    Force constants ---    0.1281    0.1281    0.2084    1.0714    1.0714
     IR Intensities ---    0.0000    0.0000    0.0000    0.0000    0.0000
 Coord Atom Element:
   1     1     6   0.00472   0.06782   0.00000   0.08559   0.02015
   2     1     6  -0.07976   0.00555   0.07972   0.06649  -0.28243
   3     1     6   0.15399  -0.01072  -0.07650   0.02008  -0.08529
   1     2     6   0.06092  -0.04731   0.06904  -0.22794   0.11453
   2     2     6   0.03537   0.06175  -0.03986   0.16087   0.03110
   3     2     6  -0.06771   0.13872  -0.07650  -0.08390   0.02526
   1     3     6  -0.06689  -0.03841  -0.06904  -0.15291  -0.20419
   2     3     6   0.02647  -0.06605  -0.03986  -0.15785  -0.04393
   3     3     6  -0.08628  -0.12799  -0.07650   0.06382   0.06004
   1     4     1  -0.01942   0.06124  -0.03793  -0.22382  -0.05064
   2     4     1   0.03074  -0.02583   0.02190   0.05400  -0.22066
   3     4     1  -0.22443   0.45982  -0.36915   0.06708  -0.02019
   1     5     1   0.01788   0.25673   0.00000   0.12767   0.03006
   2     5     1  -0.47293   0.03293   0.40767   0.11014  -0.46783
   3     5     1   0.16888  -0.01176  -0.08990   0.01922  -0.08164
   1     6     1   0.00131   0.01877  -0.00000  -0.22000  -0.05179
   2     6     1   0.07321  -0.00510  -0.04379   0.05285  -0.22448
   3     6     1   0.51043  -0.03555  -0.36915  -0.01605   0.06819
   1     7     1   0.02772   0.05796   0.03793  -0.22290  -0.05453
   2     7     1   0.03402   0.02132   0.02190   0.05012  -0.22158
   3     7     1  -0.28600  -0.42427  -0.36915  -0.05103  -0.04800
   1     8     1  -0.33618  -0.26851  -0.35305  -0.25825  -0.33295
   2     8     1   0.05232  -0.32113  -0.20383  -0.25287  -0.08191
   3     8     1  -0.09463  -0.14038  -0.08990   0.06109   0.05746
   1     9     1   0.29572  -0.31251   0.35305  -0.37966   0.18277
   2     9     1   0.09632   0.31078  -0.20383   0.26285   0.03950
   3     9     1  -0.07426   0.15214  -0.08990  -0.08031   0.02417
   1    10     8  -0.04820  -0.01542   0.03015   0.18550   0.31203
   2    10     8   0.03220  -0.04936   0.01740   0.26562   0.01162
   3    10     8  -0.10984  -0.16295   0.08632  -0.01033  -0.00972
   1    11     8   0.00436   0.06254  -0.00000  -0.19504  -0.04592
   2    11     8  -0.04576   0.00319  -0.03481  -0.09232   0.39216
   3    11     8   0.19604  -0.01365   0.08632  -0.00325   0.01381
   1    12     8   0.04559  -0.02195  -0.03015   0.30522  -0.19650
   2    12     8   0.03873   0.04442   0.01740  -0.24291  -0.10810
   3    12     8  -0.08620   0.17660   0.08632   0.01358  -0.00409
                                6         7         8         9        10
                               A1         E         E        A2        A1
        Frequencies ---  697.9170  891.7765  891.7765  927.7708  945.4483
     Reduced masses ---    7.0488    4.6129    4.6129   12.6233    5.0363
    Force constants ---    2.0229    2.1614    2.1614    6.4018    2.6524
     IR Intensities ---    0.0000    0.0000    0.0000    0.0000    0.0000
 Coord Atom Element:
   1     1     6  -0.00000   0.32103  -0.03105   0.45972   0.00000
   2     1     6  -0.00603  -0.01962  -0.20280  -0.00000   0.25325
   3     1     6   0.02572  -0.01045  -0.10807  -0.00000   0.17150
   1     2     6  -0.00522  -0.04990   0.23377  -0.22986   0.21932
   2     2     6   0.00301   0.24521   0.16813  -0.39813  -0.12662
   3     2     6   0.02572  -0.08837   0.06309   0.00000   0.17150
   1     3     6   0.00522  -0.09378  -0.21987  -0.22986  -0.21932
   2     3     6   0.00301  -0.20844   0.21201   0.39813  -0.12662
   3     3     6   0.02572   0.09882   0.04498  -0.00000   0.17150
   1     4     1  -0.10871   0.00155   0.34739   0.06742   0.19628
   2     4     1   0.06277   0.37971   0.33253   0.11678  -0.11332
   3     4     1  -0.25768  -0.12472   0.08904   0.00000   0.07315
   1     5     1  -0.00000   0.18899  -0.01828  -0.02170   0.00000
   2     5     1   0.34072  -0.01335  -0.13799  -0.00000   0.37043
   3     5     1   0.02319  -0.00971  -0.10039  -0.00000   0.15767
   1     6     1  -0.00000   0.56463  -0.05461  -0.13484   0.00000
   2     6     1  -0.12553  -0.02230  -0.23054  -0.00000   0.22665
   3     6     1  -0.25768  -0.01475  -0.15253  -0.00000   0.07315
   1     7     1   0.10871  -0.06505  -0.34125   0.06742  -0.19628
   2     7     1   0.06277  -0.30894   0.39914  -0.11678  -0.11332
   3     7     1  -0.25768   0.13947   0.06349  -0.00000   0.07315
   1     8     1  -0.29507  -0.06994  -0.13615   0.01085  -0.32080
   2     8     1  -0.17036  -0.13121   0.12094  -0.01879  -0.18522
   3     8     1   0.02319   0.09179   0.04179  -0.00000   0.15767
   1     9     1   0.29507  -0.04255   0.14703   0.01085   0.32080
   2     9     1  -0.17036   0.15196   0.09355   0.01879  -0.18522
   3     9     1   0.02319  -0.08208   0.05860   0.00000   0.15767
   1    10     8  -0.31681  -0.11452  -0.07582  -0.16073   0.01897
   2    10     8  -0.18291  -0.08675   0.00155   0.27839   0.01095
   3    10     8  -0.00452   0.12407   0.05648  -0.00000  -0.14321
   1    11     8  -0.00000   0.04293  -0.00415   0.32146  -0.00000
   2    11     8   0.36582  -0.01508  -0.15590  -0.00000  -0.02191
   3    11     8  -0.00452  -0.01312  -0.13569  -0.00000  -0.14321
   1    12     8   0.31681  -0.09786   0.09637  -0.16073  -0.01897
   2    12     8  -0.18291   0.08544  -0.01510  -0.27839   0.01095
   3    12     8  -0.00452  -0.11095   0.07921   0.00000  -0.14321
                               11        12        13        14        15
                                E         E         E         E        A1
        Frequencies --- 1048.0296 1048.0296 1148.3891 1148.3891 1229.7826
     Reduced masses ---    3.2856    3.2856    2.0942    2.0942    1.9996
    Force constants ---    2.1262    2.1262    1.6272    1.6272    1.7818
     IR Intensities ---    0.0000    0.0000    0.0000    0.0000    0.0000
 Coord Atom Element:
   1     1     6  -0.15895  -0.00998   0.05112  -0.04456   0.00000
   2     1     6  -0.00476   0.07577  -0.10398  -0.11930   0.11773
   3     1     6  -0.01434   0.22827   0.04790   0.05495  -0.09585
   1     2     6  -0.09883   0.02996   0.12799  -0.05961   0.10196
   2     2     6  -0.04470   0.13590  -0.08894  -0.04244  -0.05887
   3     2     6  -0.19052  -0.12655  -0.07154   0.01400  -0.09585
   1     3     6  -0.09430  -0.04208   0.07653  -0.11865  -0.10196
   2     3     6   0.02734   0.14042  -0.02990  -0.09390  -0.05887
   3     3     6   0.20486  -0.10172   0.02364  -0.06895  -0.09585
   1     4     1   0.14562   0.09278   0.31031  -0.16012   0.27846
   2     4     1  -0.07987  -0.05990  -0.22242  -0.12857  -0.16077
   3     4     1   0.31445   0.20887   0.44069  -0.08627   0.34144
   1     5     1  -0.18319  -0.01151  -0.07103   0.06191   0.00000
   2     5     1  -0.03370   0.53655   0.29912   0.34318  -0.28268
   3     5     1  -0.01224   0.19483   0.03783   0.04340  -0.07245
   1     6     1   0.00657   0.00041   0.14703  -0.12815   0.00000
   2     6     1   0.01249  -0.19895  -0.25439  -0.29186   0.32154
   3     6     1   0.02366  -0.37676  -0.29505  -0.33851   0.34144
   1     7     1   0.15608  -0.07383   0.20099  -0.28554  -0.27846
   2     7     1   0.08673  -0.04943  -0.09700  -0.23790  -0.16077
   3     7     1  -0.33811   0.16789  -0.14563   0.42478   0.34144
   1     8     1  -0.45782   0.12486  -0.17243   0.35767   0.24481
   2     8     1  -0.17006   0.26192   0.00337   0.24178   0.14134
   3     8     1   0.17484  -0.08682   0.01867  -0.05446  -0.07245
   1     9     1  -0.43860  -0.18116  -0.37786   0.12198  -0.24481
   2     9     1   0.13595   0.28114   0.23906   0.03635   0.14134
   3     9     1  -0.16261  -0.10801  -0.05650   0.01106  -0.07245
   1    10     8   0.05266   0.08422  -0.07620  -0.00229  -0.03999
   2    10     8  -0.07113  -0.15584   0.11509   0.05322  -0.02309
   3    10     8   0.02700  -0.01341   0.00915  -0.02669   0.05496
   1    11     8   0.19731   0.01239  -0.10979   0.09569  -0.00000
   2    11     8   0.00070  -0.01119   0.01711   0.01963   0.04618
   3    11     8  -0.00189   0.03008   0.01854   0.02127   0.05496
   1    12     8   0.06278  -0.07697  -0.00814   0.07579   0.03999
   2    12     8   0.09007  -0.14572   0.03700   0.12128  -0.02309
   3    12     8  -0.02511  -0.01668  -0.02769   0.00542   0.05496
                               16        17        18        19        20
                               A2         E         E        A2         E
        Frequencies --- 1261.5206 1337.9478 1337.9478 1422.6466 1477.8991
     Reduced masses ---    1.0247    1.1196    1.1196    1.1237    1.1740
    Force constants ---    0.9608    1.1809    1.1809    1.3400    1.5108
     IR Intensities ---    0.0000    0.0000    0.0000    0.0000    0.0000
 Coord Atom Element:
   1     1     6  -0.00758  -0.00479  -0.03259  -0.03029  -0.09212
   2     1     6  -0.00000  -0.01662   0.00244  -0.00000  -0.00004
   3     1     6  -0.00000   0.02269  -0.00334  -0.00000  -0.00003
   1     2     6   0.00379  -0.00995  -0.01959   0.01514  -0.02559
   2     2     6   0.00656  -0.02961  -0.00271   0.02623  -0.03965
   3     2     6   0.00000  -0.00845   0.02132   0.00000  -0.00222
   1     3     6   0.00379   0.00388  -0.02163   0.01514  -0.02455
   2     3     6  -0.00656  -0.02758   0.01112  -0.02623   0.03777
   3     3     6  -0.00000  -0.01423  -0.01798   0.00000   0.00226
   1     4     1  -0.22134   0.32766   0.07793  -0.17395   0.13699
   2     4     1  -0.38338   0.52635   0.23879  -0.30129   0.17395
   3     4     1  -0.00000   0.02367  -0.05968   0.00000   0.06695
   1     5     1  -0.37010  -0.06619  -0.45009   0.45769   0.67623
   2     5     1  -0.00000   0.04850  -0.00713   0.00000   0.00126
   3     5     1  -0.00000   0.01443  -0.00212   0.00000   0.00012
   1     6     1   0.44269   0.09699   0.65952   0.34790   0.42828
   2     6     1   0.00000  -0.05524   0.00812   0.00000   0.00050
   3     6     1   0.00000  -0.06352   0.00934   0.00000   0.00105
   1     7     1  -0.22134  -0.29135   0.16896  -0.17395   0.13242
   2     7     1   0.38338   0.43531  -0.38021   0.30129  -0.16504
   3     7     1   0.00000   0.03985   0.05034  -0.00000  -0.06800
   1     8     1   0.18505   0.20470  -0.10789  -0.22884   0.23550
   2     8     1  -0.32051  -0.29369   0.26376   0.39637  -0.24534
   3     8     1  -0.00000  -0.00905  -0.01143  -0.00000  -0.00763
   1     9     1   0.18505  -0.22709  -0.04439  -0.22884   0.24230
   2     9     1   0.32051  -0.35719  -0.16804  -0.39637   0.25964
   3     9     1   0.00000  -0.00538   0.01355   0.00000   0.00751
   1    10     8  -0.00913   0.01890   0.01886  -0.02182   0.00508
   2    10     8   0.01581   0.00528   0.01535   0.03779   0.01406
   3    10     8  -0.00000  -0.03170  -0.04004   0.00000   0.02130
   1    11     8   0.01826  -0.00091  -0.00616   0.04364  -0.01972
   2    11     8   0.00000   0.03030  -0.00446   0.00000   0.00018
   3    11     8   0.00000   0.05053  -0.00743  -0.00000  -0.00033
   1    12     8  -0.00913  -0.01267   0.02351  -0.02182   0.00470
   2    12     8  -0.01581   0.00063  -0.01622  -0.03779  -0.01437
   3    12     8   0.00000  -0.01883   0.04747  -0.00000  -0.02097
                               21        22        23        24        25
                                E         E         E        A1         E
        Frequencies --- 1477.8991 1585.5877 1585.5877 1605.3013 3002.0504
     Reduced masses ---    1.1740    1.0922    1.0922    1.1255    1.0680
    Force constants ---    1.5108    1.6178    1.6178    1.7088    5.6711
     IR Intensities ---    0.0000    0.0000    0.0000    0.0000    0.0000
 Coord Atom Element:
   1     1     6   0.00124  -0.02079  -0.00453   0.00000  -0.00106
   2     1     6  -0.00272   0.01265  -0.05804  -0.05396   0.00425
   3     1     6  -0.00259   0.00642  -0.02947  -0.02486   0.02532
   1     2     6  -0.03837   0.03090   0.04249  -0.04673   0.00447
   2     2     6  -0.06925  -0.03437  -0.00636   0.02698  -0.00369
   3     2     6   0.00132   0.02231   0.02030  -0.02486   0.03401
   1     3     6   0.03905   0.04578  -0.02578   0.04673   0.00858
   2     3     6  -0.07029   0.03390   0.00852   0.02698   0.00507
   3     3     6   0.00126  -0.02874   0.00917  -0.02486  -0.05933
   1     4     1   0.16768  -0.11197  -0.13050   0.11150  -0.05982
   2     4     1   0.32814   0.09758   0.03915  -0.06437   0.03617
   3     4     1  -0.03987  -0.38374  -0.34910   0.37199   0.04342
   1     5     1  -0.00911   0.09285   0.02023  -0.00000   0.00924
   2     5     1   0.09312  -0.12455   0.57155   0.41686  -0.00409
   3     5     1   0.00874   0.00543  -0.02492  -0.03243  -0.34079
   1     6     1  -0.00577   0.04141   0.00902  -0.00000   0.00157
   2     6     1   0.03685  -0.04195   0.19252   0.12875  -0.05204
   3     6     1   0.07791  -0.11046   0.50688   0.37199   0.03233
   1     7     1  -0.17131  -0.15611   0.07209  -0.11150  -0.10552
   2     7     1   0.33271  -0.10502  -0.00500  -0.06437  -0.06109
   3     7     1  -0.03805   0.49420  -0.15778   0.37199  -0.07576
   1     8     1  -0.25571  -0.46814   0.19934  -0.36101  -0.00788
   2     8     1   0.53386  -0.30366   0.01056  -0.20843  -0.00554
   3     8     1  -0.00427  -0.02430   0.00776  -0.03243   0.79844
   1     9     1   0.24927  -0.34276  -0.37605   0.36101  -0.00057
   2     9     1   0.52705   0.27173   0.13595  -0.20843   0.01001
   3     9     1  -0.00447   0.01887   0.01716  -0.03243  -0.45765
   1    10     8   0.01415   0.00236   0.00513   0.00384  -0.00041
   2    10     8  -0.01171  -0.00258  -0.00937   0.00222  -0.00038
   3    10     8   0.01192   0.00588  -0.00188  -0.00275   0.00075
   1    11     8   0.00027   0.01096   0.00239  -0.00000   0.00135
   2    11     8   0.01310   0.00017  -0.00077  -0.00443  -0.00023
   3    11     8  -0.02440  -0.00131   0.00603  -0.00275  -0.00032
   1    12     8  -0.01428   0.00428  -0.00369  -0.00384   0.00034
   2    12     8  -0.01133   0.00624  -0.00745   0.00222   0.00121
   3    12     8   0.01249  -0.00456  -0.00415  -0.00275  -0.00043
                               26        27        28        29        30
                                E        A1         E         E        A1
        Frequencies --- 3002.0504 3014.7368 3216.8549 3216.8549 3222.9141
     Reduced masses ---    1.0680    1.0704    1.0947    1.0947    1.1007
    Force constants ---    5.6711    5.7321    6.6744    6.6744    6.7363
     IR Intensities ---    0.0000    0.0000    0.0000    0.0000    0.0000
 Coord Atom Element:
   1     1     6  -0.00050  -0.00000   0.00007   0.00123  -0.00000
   2     1     6  -0.00905  -0.00873  -0.06173   0.00353  -0.04593
   3     1     6  -0.05389  -0.04265   0.03795  -0.00217   0.02658
   1     2     6   0.00745  -0.00756   0.02463  -0.04755  -0.03978
   2     2     6  -0.00352   0.00436  -0.01295   0.02810   0.02297
   3     2     6   0.04888  -0.04265  -0.01709   0.03395   0.02658
   1     3     6  -0.00132   0.00756  -0.02990  -0.04443   0.03978
   2     3     6   0.00059   0.00436  -0.01607  -0.02643   0.02297
   3     3     6   0.00501  -0.04265  -0.02085  -0.03178   0.02658
   1     4     1  -0.08748   0.07348  -0.28545   0.56764   0.44889
   2     4     1   0.04937  -0.04242   0.16541  -0.32743  -0.25917
   3     4     1   0.06241  -0.04778   0.14838  -0.29473  -0.23473
   1     5     1   0.00434  -0.00000   0.00008   0.00138   0.00000
   2     5     1   0.00871   0.01651  -0.01144   0.00065  -0.00897
   3     5     1   0.72521   0.56717  -0.11859   0.00679  -0.08169
   1     6     1   0.00074  -0.00000   0.00003   0.00058  -0.00000
   2     6     1   0.11075   0.08485   0.73247  -0.04194   0.51833
   3     6     1  -0.06881  -0.04778  -0.32943   0.01886  -0.23473
   1     7     1   0.00978  -0.07348   0.34838   0.53135  -0.44889
   2     7     1   0.00366  -0.04242   0.20170   0.30641  -0.25917
   3     7     1   0.00640  -0.04778   0.18105   0.27586  -0.23473
   1     8     1   0.00579  -0.01430  -0.00602  -0.00791   0.00777
   2     8     1  -0.00841  -0.00826  -0.00214  -0.00545   0.00449
   3     8     1  -0.06747   0.56717   0.06518   0.09931  -0.08169
   1     9     1  -0.00976   0.01430   0.00508  -0.00855  -0.00777
   2     9     1  -0.00110  -0.00826  -0.00150   0.00566   0.00449
   3     9     1  -0.65774   0.56717   0.05341  -0.10610  -0.08169
   1    10     8   0.00078   0.00120   0.00016   0.00000   0.00028
   2    10     8  -0.00126   0.00069  -0.00017   0.00017   0.00016
   3    10     8  -0.00006  -0.00073   0.00001   0.00002  -0.00000
   1    11     8   0.00063   0.00000  -0.00002  -0.00027   0.00000
   2    11     8   0.00050  -0.00139   0.00011  -0.00001  -0.00033
   3    11     8   0.00068  -0.00073  -0.00002   0.00000  -0.00000
   1    12     8  -0.00081  -0.00120  -0.00016   0.00002  -0.00028
   2    12     8  -0.00051   0.00069  -0.00019  -0.00015   0.00016
   3    12     8  -0.00061  -0.00073   0.00001  -0.00002  -0.00000
