8 0 C4H4
 1 2 1.0 3 1.0 4 1.0 5 1.0
 2
 3 4 1.0 5 1.0 6 1.0
 4 5 1.0 7 1.0
 5 8 1.0
 6
 7
 8
      1          6           0        0.537825    0.537825    0.537825
      2          1           0        1.152292    1.152292    1.152292
      3          6           0       -0.537825   -0.537825    0.537825
      4          6           0       -0.537825    0.537825   -0.537825
      5          6           0        0.537825   -0.537825   -0.537825
      6          1           0       -1.152292   -1.152292    1.152292
      7          1           0       -1.152292    1.152292   -1.152292
      8          1           0        1.152292   -1.152292   -1.152292
                                1         2         3         4         5
                                E         E        T2        T2        T2
        Frequencies ---  674.9018  674.9018  833.6917  833.6918  833.6918
     Reduced masses ---    5.5589    5.5589    1.3862    1.3862    1.3862
    Force constants ---    1.4918    1.4918    0.5676    0.5676    0.5676
     IR Intensities ---    0.0000    0.0000    0.0000    0.0000    0.0000
 Coord Atom Element:
   1     1     6   0.22998  -0.12694  -0.04454  -0.02599  -0.07710
   2     1     6  -0.00506   0.26264  -0.06689  -0.04922  -0.04132
   3     1     6  -0.22492  -0.13570  -0.02571  -0.06657  -0.05926
   1     2     1  -0.27360   0.15101  -0.02923   0.31733  -0.37395
   2     2     1   0.00602  -0.31245  -0.41659  -0.08514   0.24617
   3     2     1   0.26758   0.16144   0.29717  -0.38586  -0.06480
   1     3     6  -0.22998   0.12694   0.06608  -0.05830  -0.02897
   2     3     6   0.00506  -0.26264   0.04372  -0.08152   0.00681
   3     3     6  -0.22492  -0.13570  -0.02459   0.08126   0.03738
   1     4     6  -0.22998   0.12694  -0.08497   0.00533   0.03683
   2     4     6  -0.00506   0.26264   0.08527   0.03497  -0.01048
   3     4     6   0.22492   0.13570  -0.06613  -0.03524   0.05467
   1     5     6   0.22998  -0.12694   0.02565  -0.02698   0.08496
   2     5     6   0.00506  -0.26264  -0.02534   0.06728  -0.05861
   3     5     6   0.22492   0.13570   0.01584   0.04993  -0.07656
   1     6     1   0.27360  -0.15101   0.41737   0.18689  -0.17964
   2     6     1  -0.00602   0.31245   0.03000  -0.21558   0.44048
   3     6     1   0.26758   0.16144   0.30171   0.21094   0.32537
   1     7     1   0.27360  -0.15101  -0.19243   0.44381   0.08603
   2     7     1   0.00602  -0.31245   0.19774   0.25475   0.37067
   3     7     1  -0.26758  -0.16144   0.13397  -0.25938   0.39518
   1     8     1  -0.27360   0.15101   0.25417   0.31337   0.28034
   2     8     1  -0.00602   0.31245  -0.24885   0.38518   0.17636
   3     8     1  -0.26758  -0.16144   0.46491   0.08447  -0.13461
                                6         7         8         9        10
                                E         E        T1        T1        T1
        Frequencies ---  844.7082  844.7082 1001.8200 1001.8200 1001.8200
     Reduced masses ---    1.1165    1.1165    1.3526    1.3526    1.3526
    Force constants ---    0.4694    0.4694    0.7998    0.7998    0.7998
     IR Intensities ---    0.0000    0.0000    0.0000    0.0000    0.0000
 Coord Atom Element:
   1     1     6  -0.03095  -0.02626   0.02467   0.00332  -0.08498
   2     1     6  -0.00727   0.03993  -0.05154  -0.06608   0.02859
   3     1     6   0.03822  -0.01367   0.02688   0.06276   0.05639
   1     2     1  -0.30975  -0.26282  -0.13708  -0.01845   0.47226
   2     2     1  -0.07273   0.39966   0.28646   0.36723  -0.15889
   3     2     1   0.38248  -0.13684  -0.14938  -0.34878  -0.31337
   1     3     6   0.03095   0.02626  -0.08492  -0.00382  -0.02480
   2     3     6   0.00727  -0.03993   0.05804  -0.05894  -0.03159
   3     3     6   0.03822  -0.01367  -0.02688  -0.06276  -0.05639
   1     4     6   0.03095   0.02626   0.08492   0.00382   0.02480
   2     4     6  -0.00727   0.03993   0.05154   0.06608  -0.02859
   3     4     6  -0.03822   0.01367  -0.03337   0.06226  -0.05339
   1     5     6  -0.03095  -0.02626  -0.02467  -0.00332   0.08498
   2     5     6   0.00727  -0.03993  -0.05804   0.05894   0.03159
   3     5     6  -0.03822   0.01367   0.03337  -0.06226   0.05339
   1     6     1   0.30975   0.26282   0.47193   0.02121   0.13781
   2     6     1   0.07273  -0.39966  -0.32255   0.32756   0.17556
   3     6     1   0.38248  -0.13684   0.14938   0.34878   0.31337
   1     7     1   0.30975   0.26282  -0.47193  -0.02121  -0.13781
   2     7     1  -0.07273   0.39966  -0.28646  -0.36723   0.15889
   3     7     1  -0.38248   0.13684   0.18547  -0.34602   0.29670
   1     8     1  -0.30975  -0.26282   0.13708   0.01845  -0.47226
   2     8     1   0.07273  -0.39966   0.32255  -0.32756  -0.17556
   3     8     1  -0.38248   0.13684  -0.18547   0.34602  -0.29670
                               11        12        13        14        15
                               T2        T2        T2        A1        T2
        Frequencies --- 1123.5841 1123.5841 1123.5841 1299.8494 3420.0987
     Reduced masses ---    2.7625    2.7625    2.7625    5.3032    1.0941
    Force constants ---    2.0548    2.0548    2.0548    5.2792    7.5404
     IR Intensities ---    0.0000    0.0000    0.0000    0.0000    0.0000
 Coord Atom Element:
   1     1     6   0.07472  -0.03068   0.18271   0.18045  -0.03246
   2     1     6   0.13218   0.14843   0.02009   0.18045  -0.03049
   3     1     6  -0.09843   0.13310   0.11182   0.18045  -0.03159
   1     2     1  -0.07674   0.43564  -0.12010   0.22532   0.35380
   2     2     1  -0.24988  -0.10406   0.36990   0.22532   0.35526
   3     2     1   0.44497  -0.05786   0.09350   0.22532   0.35444
   1     3     6  -0.17951  -0.04903   0.07267  -0.18045  -0.01294
   2     3     6  -0.12204   0.13008  -0.08995  -0.18045  -0.01097
   3     3     6   0.03064  -0.13799  -0.14116   0.18045   0.01355
   1     4     6   0.18462  -0.02482  -0.07217  -0.18045   0.01610
   2     4     6  -0.10288  -0.14687  -0.08805   0.18045  -0.01438
   3     4     6   0.01147   0.13896  -0.14306  -0.18045   0.01697
   1     5     6  -0.06961  -0.04317  -0.18220   0.18045   0.03562
   2     5     6   0.15135  -0.12852   0.02199  -0.18045  -0.03391
   3     5     6  -0.07926  -0.14385   0.11372  -0.18045  -0.03501
   1     6     1   0.08641   0.44741  -0.04949  -0.22532   0.14013
   2     6     1  -0.08673  -0.09228   0.44052  -0.22532   0.14160
   3     6     1   0.36215   0.11611   0.25585   0.22532  -0.13968
   1     7     1  -0.14726   0.43188   0.04346  -0.22532  -0.17774
   2     7     1  -0.09903   0.08545   0.43930   0.22532   0.17901
   3     7     1   0.37445  -0.06162   0.25707  -0.22532  -0.17709
   1     8     1   0.01589   0.44365   0.11408   0.22532  -0.39140
   2     8     1  -0.26218   0.07368   0.36868  -0.22532   0.39267
   3     8     1   0.43267   0.11987   0.09228  -0.22532   0.39186
                               16        17        18
                               T2        T2        A1
        Frequencies --- 3420.0987 3420.0987 3462.4568
     Reduced masses ---    1.0941    1.0941    1.1274
    Force constants ---    7.5404    7.5404    7.9633
     IR Intensities ---    0.0000    0.0000    0.0000
 Coord Atom Element:
   1     1     6  -0.02138  -0.02126  -0.03011
   2     1     6  -0.02297  -0.02249  -0.03011
   3     1     6  -0.02375  -0.02002  -0.03011
   1     2     1   0.25632   0.23909   0.28710
   2     2     1   0.25515   0.23818   0.28710
   3     2     1   0.25457   0.24001   0.28710
   1     3     6  -0.03355   0.02588   0.03011
   2     3     6  -0.03514   0.02465   0.03011
   3     3     6   0.03500  -0.02354  -0.03011
   1     4     6  -0.01294  -0.03919   0.03011
   2     4     6   0.01517   0.03906  -0.03011
   3     4     6  -0.01532  -0.03795   0.03011
   1     5     6  -0.02511   0.00794  -0.03011
   2     5     6   0.02735  -0.00808   0.03011
   3     5     6   0.02656  -0.00560   0.03011
   1     6     1   0.38957  -0.27684  -0.28710
   2     6     1   0.38839  -0.27775  -0.28710
   3     6     1  -0.38849   0.27857   0.28710
   1     7     1   0.16400   0.43537  -0.28710
   2     7     1  -0.16234  -0.43547   0.28710
   3     7     1   0.16224   0.43629  -0.28710
   1     8     1   0.29724  -0.08055   0.28710
   2     8     1  -0.29559   0.08045  -0.28710
   3     8     1  -0.29617   0.08228  -0.28710
