12 0 C6H4F2
 1 2 1.0
 2 3 1.0 7 1.0
 3 4 1.0 9 1.0
 4 5 1.0 10 1.0
 5 6 1.0 11 1.0
 6 7 1.0 12 1.0
 7 8 1.0
 8
 9
 10
 11
 12
      1          9           0       -0.000000    1.376794    1.736915
      2          6           0       -0.000000    0.699861    0.533370
      3          6           0       -0.000000    1.401365   -0.670617
      4          6           0        0.000000    0.702558   -1.890334
      5          6           0        0.000000   -0.702558   -1.890334
      6          6           0        0.000000   -1.401365   -0.670617
      7          6           0        0.000000   -0.699861    0.533370
      8          9           0        0.000000   -1.376794    1.736915
      9          1           0       -0.000000    2.485375   -0.640347
     10          1           0        0.000000    1.251909   -2.826406
     11          1           0        0.000000   -1.251909   -2.826406
     12          1           0        0.000000   -2.485375   -0.640347
                                1         2         3         4         5
                               A2        A1        B1        B2        B1
        Frequencies ---  193.7443  273.7804  307.7581  439.7690  486.0004
     Reduced masses ---    6.1896   17.6180    5.3524    6.8200    3.0622
    Force constants ---    0.1369    0.7781    0.2987    0.7771    0.4261
     IR Intensities ---    0.0000    0.0000    0.0000    0.0000    0.0000
 Coord Atom Element:
   1     1     9   0.28392   0.00000  -0.16634  -0.00000  -0.04413
   2     1     9  -0.00000   0.63892   0.00000  -0.05166   0.00000
   3     1     9   0.00000  -0.17660  -0.00000   0.28884  -0.00000
   1     2     6   0.00122  -0.00000   0.25383   0.00000   0.22474
   2     2     6  -0.00000   0.02365  -0.00000   0.24996  -0.00000
   3     2     6  -0.00000   0.15018   0.00000   0.06115   0.00000
   1     3     6  -0.25172  -0.00000   0.22698  -0.00000  -0.18269
   2     3     6  -0.00000  -0.08189  -0.00000   0.05693  -0.00000
   3     3     6   0.00000   0.06080   0.00000  -0.10430   0.00000
   1     4     6  -0.20101   0.00000  -0.19074   0.00000   0.07984
   2     4     6   0.00000  -0.00156   0.00000  -0.20619   0.00000
   3     4     6  -0.00000   0.05357   0.00000  -0.02478   0.00000
   1     5     6   0.20101   0.00000  -0.19074   0.00000   0.07984
   2     5     6   0.00000   0.00156   0.00000  -0.20619   0.00000
   3     5     6  -0.00000   0.05357   0.00000   0.02478  -0.00000
   1     6     6   0.25172  -0.00000   0.22698  -0.00000  -0.18269
   2     6     6  -0.00000   0.08189   0.00000   0.05693  -0.00000
   3     6     6  -0.00000   0.06080   0.00000   0.10430  -0.00000
   1     7     6  -0.00122  -0.00000   0.25383   0.00000   0.22474
   2     7     6  -0.00000  -0.02365  -0.00000   0.24996  -0.00000
   3     7     6  -0.00000   0.15018   0.00000  -0.06115  -0.00000
   1     8     9  -0.28392   0.00000  -0.16634  -0.00000  -0.04413
   2     8     9   0.00000  -0.63892  -0.00000  -0.05166   0.00000
   3     8     9   0.00000  -0.17660  -0.00000  -0.28884   0.00000
   1     9     1  -0.40763  -0.00000   0.20790  -0.00000  -0.63831
   2     9     1   0.00000  -0.08209  -0.00000   0.06811  -0.00000
   3     9     1   0.00000   0.10893   0.00000  -0.44021   0.00000
   1    10     1  -0.38659   0.00000  -0.52609  -0.00000   0.01874
   2    10     1   0.00000   0.02582   0.00000  -0.29332   0.00000
   3    10     1   0.00000   0.07027   0.00000  -0.07731   0.00000
   1    11     1   0.38659   0.00000  -0.52609   0.00000   0.01874
   2    11     1   0.00000  -0.02582   0.00000  -0.29332   0.00000
   3    11     1  -0.00000   0.07027   0.00000   0.07731  -0.00000
   1    12     1   0.40763   0.00000   0.20790  -0.00000  -0.63831
   2    12     1  -0.00000   0.08209   0.00000   0.06811  -0.00000
   3    12     1  -0.00000   0.10893  -0.00000   0.44021  -0.00000
                                6         7         8         9        10
                               B2        A2        A1        A2        A1
        Frequencies ---  549.2351  574.5605  599.4031  710.4029  769.9264
     Reduced masses ---    8.5192    4.3438    8.4015    6.4299    6.1346
    Force constants ---    1.5141    0.8449    1.7785    1.9119    2.1426
     IR Intensities ---    0.0000    0.0000    0.0000    0.0000    0.0000
 Coord Atom Element:
   1     1     9  -0.00000   0.06443   0.00000  -0.04410  -0.00000
   2     1     9   0.24952   0.00000  -0.05129  -0.00000   0.10042
   3     1     9   0.11986   0.00000  -0.24062  -0.00000   0.17644
   1     2     6   0.00000  -0.19668  -0.00000   0.41897   0.00000
   2     2     6  -0.07121   0.00000  -0.00082  -0.00000   0.14559
   3     2     6   0.21882   0.00000  -0.14335   0.00000  -0.07021
   1     3     6   0.00000  -0.16679  -0.00000  -0.16361  -0.00000
   2     3     6  -0.19201  -0.00000   0.26660  -0.00000   0.34593
   3     3     6   0.25339   0.00000   0.13005   0.00000  -0.13345
   1     4     6  -0.00000   0.28008   0.00000   0.20286   0.00000
   2     4     6  -0.12438  -0.00000   0.01420   0.00000   0.03057
   3     4     6   0.21624  -0.00000   0.35849   0.00000  -0.03477
   1     5     6   0.00000  -0.28008  -0.00000  -0.20286  -0.00000
   2     5     6  -0.12438  -0.00000  -0.01420   0.00000  -0.03057
   3     5     6  -0.21624  -0.00000   0.35849   0.00000  -0.03477
   1     6     6   0.00000   0.16679   0.00000   0.16361   0.00000
   2     6     6  -0.19201   0.00000  -0.26660   0.00000  -0.34593
   3     6     6  -0.25339  -0.00000   0.13005   0.00000  -0.13345
   1     7     6  -0.00000   0.19668   0.00000  -0.41897  -0.00000
   2     7     6  -0.07121  -0.00000   0.00082   0.00000  -0.14559
   3     7     6  -0.21882   0.00000  -0.14335   0.00000  -0.07021
   1     8     9   0.00000  -0.06443  -0.00000   0.04410   0.00000
   2     8     9   0.24952   0.00000   0.05129   0.00000  -0.10042
   3     8     9  -0.11986   0.00000  -0.24062  -0.00000   0.17644
   1     9     1   0.00000  -0.12773   0.00000  -0.50177  -0.00000
   2     9     1  -0.19297  -0.00000   0.25929  -0.00000   0.36061
   3     9     1   0.18822  -0.00000   0.19212   0.00000  -0.31947
   1    10     1  -0.00000   0.57843   0.00000  -0.05323  -0.00000
   2    10     1   0.10430   0.00000  -0.20873   0.00000  -0.18119
   3    10     1   0.35153  -0.00000   0.23348   0.00000  -0.16764
   1    11     1   0.00000  -0.57843  -0.00000   0.05323   0.00000
   2    11     1   0.10430  -0.00000   0.20873  -0.00000   0.18119
   3    11     1  -0.35153  -0.00000   0.23348   0.00000  -0.16764
   1    12     1   0.00000   0.12773   0.00000   0.50177   0.00000
   2    12     1  -0.19297   0.00000  -0.25929   0.00000  -0.36061
   3    12     1  -0.18822  -0.00000   0.19212   0.00000  -0.31947
                               11        12        13        14        15
                               B1        A2        B2        A2        B1
        Frequencies ---  782.5829  873.9484  891.3749  940.9344  945.8495
     Reduced masses ---    1.2470    1.3427    6.3191    1.1961    1.3776
    Force constants ---    0.4500    0.6042    2.9582    0.6239    0.7261
     IR Intensities ---    0.0000    0.0000    0.0000    0.0000    0.0000
 Coord Atom Element:
   1     1     9  -0.01233  -0.00950  -0.00000  -0.00005  -0.00745
   2     1     9   0.00000  -0.00000  -0.10103   0.00000  -0.00000
   3     1     9   0.00000  -0.00000  -0.16110   0.00000  -0.00000
   1     2     6   0.05763   0.04920  -0.00000   0.02601   0.03449
   2     2     6   0.00000   0.00000   0.13885   0.00000   0.00000
   3     2     6  -0.00000  -0.00000  -0.02733   0.00000  -0.00000
   1     3     6  -0.04310  -0.10134   0.00000   0.03120  -0.10761
   2     3     6  -0.00000   0.00000   0.16927  -0.00000   0.00000
   3     3     6  -0.00000   0.00000   0.09619  -0.00000   0.00000
   1     4     6  -0.07383  -0.04893  -0.00000  -0.08314   0.06293
   2     4     6   0.00000  -0.00000  -0.16618  -0.00000  -0.00000
   3     4     6  -0.00000   0.00000   0.31123   0.00000   0.00000
   1     5     6  -0.07383   0.04893  -0.00000   0.08314   0.06293
   2     5     6   0.00000  -0.00000  -0.16618   0.00000  -0.00000
   3     5     6   0.00000  -0.00000  -0.31123   0.00000  -0.00000
   1     6     6  -0.04310   0.10134  -0.00000  -0.03120  -0.10761
   2     6     6  -0.00000  -0.00000   0.16927   0.00000   0.00000
   3     6     6   0.00000  -0.00000  -0.09619  -0.00000  -0.00000
   1     7     6   0.05763  -0.04920   0.00000  -0.02601   0.03449
   2     7     6  -0.00000   0.00000   0.13885  -0.00000  -0.00000
   3     7     6  -0.00000   0.00000   0.02733  -0.00000  -0.00000
   1     8     9  -0.01233   0.00950  -0.00000   0.00005  -0.00745
   2     8     9  -0.00000  -0.00000  -0.10103  -0.00000  -0.00000
   3     8     9   0.00000   0.00000   0.16110   0.00000   0.00000
   1     9     1   0.31294   0.63172  -0.00000  -0.32835   0.60466
   2     9     1  -0.00000   0.00000   0.17545   0.00000   0.00000
   3     9     1   0.00000  -0.00000  -0.24346  -0.00000  -0.00000
   1    10     1   0.62553   0.29285   0.00000   0.61937  -0.34294
   2    10     1   0.00000  -0.00000   0.03900  -0.00000  -0.00000
   3    10     1  -0.00000   0.00000   0.43572  -0.00000   0.00000
   1    11     1   0.62553  -0.29285   0.00000  -0.61937  -0.34294
   2    11     1  -0.00000   0.00000   0.03900   0.00000  -0.00000
   3    11     1  -0.00000  -0.00000  -0.43572   0.00000   0.00000
   1    12     1   0.31294  -0.63172   0.00000   0.32835   0.60466
   2    12     1  -0.00000   0.00000   0.17545  -0.00000  -0.00000
   3    12     1  -0.00000   0.00000   0.24346  -0.00000  -0.00000
                               16        17        18        19        20
                               A1        B2        A1        B2        A1
        Frequencies --- 1045.8160 1142.1605 1233.4181 1258.9760 1320.1777
     Reduced masses ---    2.2916    2.1414    1.1683    3.1437    4.2983
    Force constants ---    1.4768    1.6459    1.0472    2.9358    4.4138
     IR Intensities ---    0.0000    0.0000    0.0000    0.0000    0.0000
 Coord Atom Element:
   1     1     9  -0.00000  -0.00000   0.00000   0.00000  -0.00000
   2     1     9  -0.00312   0.02605  -0.00264  -0.05398  -0.04177
   3     1     9  -0.01733   0.01682  -0.00582  -0.07830  -0.08889
   1     2     6  -0.00000   0.00000   0.00000  -0.00000   0.00000
   2     2     6  -0.03006  -0.10494   0.00068   0.20233   0.17663
   3     2     6   0.01999   0.00321   0.01140   0.11444   0.13173
   1     3     6   0.00000   0.00000  -0.00000   0.00000   0.00000
   2     3     6   0.09167   0.16862   0.00176  -0.08251   0.06507
   3     3     6   0.09792   0.05664  -0.02533   0.10951   0.20833
   1     4     6  -0.00000  -0.00000  -0.00000  -0.00000  -0.00000
   2     4     6   0.14342  -0.08126   0.07536  -0.00894  -0.13001
   3     4     6  -0.13426  -0.02686   0.02794  -0.09715  -0.14421
   1     5     6   0.00000  -0.00000  -0.00000  -0.00000   0.00000
   2     5     6  -0.14342  -0.08126  -0.07536  -0.00894   0.13001
   3     5     6  -0.13426   0.02686   0.02794   0.09715  -0.14421
   1     6     6  -0.00000   0.00000   0.00000   0.00000   0.00000
   2     6     6  -0.09167   0.16862  -0.00176  -0.08251  -0.06507
   3     6     6   0.09792  -0.05664  -0.02533  -0.10951   0.20833
   1     7     6   0.00000  -0.00000  -0.00000   0.00000  -0.00000
   2     7     6   0.03006  -0.10494  -0.00068   0.20233  -0.17663
   3     7     6   0.01999  -0.00321   0.01140  -0.11444   0.13173
   1     8     9  -0.00000   0.00000   0.00000  -0.00000   0.00000
   2     8     9   0.00312   0.02605   0.00264  -0.05398   0.04177
   3     8     9  -0.01733  -0.01682  -0.00582   0.07830  -0.08889
   1     9     1  -0.00000  -0.00000   0.00000  -0.00000  -0.00000
   2     9     1   0.09140   0.17182   0.00821  -0.08960   0.09379
   3     9     1   0.58221   0.38977  -0.35071   0.55389  -0.58502
   1    10     1   0.00000  -0.00000   0.00000  -0.00000   0.00000
   2    10     1   0.30127  -0.45369   0.53239  -0.21321   0.01863
   3    10     1  -0.06094  -0.24854   0.29362  -0.21981  -0.07125
   1    11     1  -0.00000   0.00000   0.00000   0.00000  -0.00000
   2    11     1  -0.30127  -0.45369  -0.53239  -0.21321  -0.01863
   3    11     1  -0.06094   0.24854   0.29362   0.21981  -0.07125
   1    12     1   0.00000  -0.00000  -0.00000  -0.00000  -0.00000
   2    12     1  -0.09140   0.17182  -0.00821  -0.08960  -0.09379
   3    12     1   0.58221  -0.38977  -0.35071  -0.55389  -0.58502
                               21        22        23        24        25
                               B2        A1        B2        A1        A1
        Frequencies --- 1321.9033 1336.8962 1504.0220 1556.6763 1610.0352
     Reduced masses ---    1.7499    3.7258    1.8737    2.7331    7.0124
    Force constants ---    1.8016    3.9234    2.4972    3.9021   10.7099
     IR Intensities ---    0.0000    0.0000    0.0000    0.0000    0.0000
 Coord Atom Element:
   1     1     9  -0.00000  -0.00000  -0.00000   0.00000  -0.00000
   2     1     9   0.00994  -0.03495  -0.00267   0.02841  -0.03258
   3     1     9   0.04259  -0.06580  -0.01849   0.03840  -0.02803
   1     2     6   0.00000  -0.00000   0.00000  -0.00000   0.00000
   2     2     6   0.03780  -0.13620  -0.02733  -0.09821   0.39294
   3     2     6  -0.15115   0.24938   0.09326  -0.14164   0.00571
   1     3     6  -0.00000  -0.00000   0.00000   0.00000  -0.00000
   2     3     6  -0.02780   0.06278   0.07125  -0.04158  -0.15606
   3     3     6  -0.05031  -0.10667  -0.01492   0.16245  -0.03972
   1     4     6   0.00000   0.00000  -0.00000  -0.00000   0.00000
   2     4     6  -0.03857   0.13512  -0.09786   0.12920   0.28622
   3     4     6   0.03945   0.01506  -0.12040  -0.01492   0.08840
   1     5     6   0.00000   0.00000  -0.00000   0.00000  -0.00000
   2     5     6  -0.03857  -0.13512  -0.09786  -0.12920  -0.28622
   3     5     6  -0.03945   0.01506   0.12040  -0.01492   0.08840
   1     6     6  -0.00000  -0.00000   0.00000   0.00000   0.00000
   2     6     6  -0.02780  -0.06278   0.07125   0.04158   0.15606
   3     6     6   0.05031  -0.10667   0.01492   0.16245  -0.03972
   1     7     6   0.00000   0.00000  -0.00000  -0.00000  -0.00000
   2     7     6   0.03780   0.13620  -0.02733   0.09821  -0.39294
   3     7     6   0.15115   0.24938  -0.09326  -0.14164   0.00571
   1     8     9   0.00000  -0.00000  -0.00000  -0.00000   0.00000
   2     8     9   0.00994   0.03495  -0.00267  -0.02841   0.03258
   3     8     9  -0.04259  -0.06580   0.01849   0.03840  -0.02803
   1     9     1  -0.00000   0.00000  -0.00000  -0.00000   0.00000
   2     9     1  -0.04645   0.07943   0.08640  -0.04232  -0.17320
   3     9     1   0.62574  -0.31780   0.08512  -0.52827   0.15589
   1    10     1   0.00000  -0.00000   0.00000  -0.00000  -0.00000
   2    10     1   0.19915  -0.41236   0.60618  -0.26725  -0.31308
   3    10     1   0.18464  -0.32025   0.28048  -0.26589  -0.27519
   1    11     1  -0.00000   0.00000   0.00000  -0.00000  -0.00000
   2    11     1   0.19915   0.41236   0.60618   0.26725   0.31308
   3    11     1  -0.18464  -0.32025  -0.28048  -0.26589  -0.27519
   1    12     1  -0.00000  -0.00000  -0.00000  -0.00000   0.00000
   2    12     1  -0.04645  -0.07943   0.08640   0.04232   0.17320
   3    12     1  -0.62574  -0.31780  -0.08512  -0.52827   0.15589
                               26        27        28        29        30
                               B2        B2        A1        B2        A1
        Frequencies --- 1624.5221 3210.6711 3225.3326 3238.8897 3244.3450
     Reduced masses ---    5.7476    1.0880    1.0911    1.0925    1.0966
    Force constants ---    8.9369    6.6082    6.6877    6.7523    6.8010
     IR Intensities ---    0.0000    0.0000    0.0000    0.0000    0.0000
 Coord Atom Element:
   1     1     9  -0.00000  -0.00000  -0.00000   0.00000  -0.00000
   2     1     9   0.01145   0.00001   0.00006   0.00005   0.00013
   3     1     9   0.03024  -0.00001   0.00011   0.00025   0.00032
   1     2     6  -0.00000  -0.00000  -0.00000  -0.00000  -0.00000
   2     2     6   0.03472   0.00001   0.00004   0.00089  -0.00002
   3     2     6  -0.26541  -0.00027  -0.00097  -0.00252  -0.00285
   1     3     6   0.00000  -0.00000  -0.00000  -0.00000  -0.00000
   2     3     6  -0.00991  -0.01676  -0.03322  -0.05924  -0.05226
   3     3     6   0.33206   0.00118   0.00154  -0.00107  -0.00169
   1     4     6  -0.00000  -0.00000  -0.00000  -0.00000   0.00000
   2     4     6  -0.05997   0.02836   0.02834  -0.00666  -0.01798
   3     4     6  -0.16815  -0.05061  -0.04335   0.01695   0.03122
   1     5     6  -0.00000   0.00000  -0.00000  -0.00000   0.00000
   2     5     6  -0.05997   0.02836  -0.02834  -0.00666   0.01798
   3     5     6   0.16815   0.05061  -0.04335  -0.01695   0.03122
   1     6     6  -0.00000  -0.00000   0.00000  -0.00000   0.00000
   2     6     6  -0.00991  -0.01676   0.03322  -0.05924   0.05226
   3     6     6  -0.33206  -0.00118   0.00154   0.00107  -0.00169
   1     7     6   0.00000  -0.00000   0.00000  -0.00000   0.00000
   2     7     6   0.03472   0.00001  -0.00004   0.00089   0.00002
   3     7     6   0.26541   0.00027  -0.00097   0.00252  -0.00285
   1     8     9  -0.00000   0.00000   0.00000  -0.00000   0.00000
   2     8     9   0.01145   0.00001  -0.00006   0.00005  -0.00013
   3     8     9  -0.03024   0.00001   0.00011  -0.00025   0.00032
   1     9     1  -0.00000   0.00000   0.00000   0.00000   0.00000
   2     9     1  -0.00219   0.20121   0.39111   0.67519   0.58678
   3     9     1  -0.49202   0.00118   0.00380   0.01226   0.01205
   1    10     1   0.00000   0.00000   0.00000  -0.00000  -0.00000
   2    10     1   0.20504  -0.33971  -0.29945   0.09800   0.19681
   3    10     1  -0.03070   0.58349   0.50354  -0.17469  -0.33581
   1    11     1   0.00000  -0.00000   0.00000   0.00000  -0.00000
   2    11     1   0.20504  -0.33971   0.29945   0.09800  -0.19681
   3    11     1   0.03070  -0.58349   0.50354   0.17469  -0.33581
   1    12     1   0.00000   0.00000  -0.00000   0.00000  -0.00000
   2    12     1  -0.00219   0.20121  -0.39111   0.67519  -0.58678
   3    12     1   0.49202  -0.00118   0.00380  -0.01226   0.01205
