12 0 C6H6
 1 2 1.0 6 1.0 7 1.0
 2 3 1.0 8 1.0
 3 4 1.0 9 1.0
 4 5 1.0 10 1.0
 5 6 1.0 11 1.0
 6 12 1.0
 7
 8
 9
 10
 11
 12
      1          6           0        0.000000    1.406876    0.000000
      2          6           0        1.218390    0.703438   -0.000000
      3          6           0        1.218390   -0.703438   -0.000000
      4          6           0       -0.000000   -1.406876   -0.000000
      5          6           0       -1.218390   -0.703438    0.000000
      6          6           0       -1.218390    0.703438    0.000000
      7          1           0        0.000000    2.493833    0.000000
      8          1           0        2.159723    1.246916   -0.000000
      9          1           0        2.159723   -1.246916   -0.000000
     10          1           0       -0.000000   -2.493833   -0.000000
     11          1           0       -2.159723   -1.246916    0.000000
     12          1           0       -2.159723    1.246916    0.000000
                                1         2         3         4         5
                              E2U       E2U       E2G       E2G       B2G
        Frequencies ---  411.9847  411.9847  645.8926  645.8926  678.1652
     Reduced masses ---    2.9803    2.9803    6.2210    6.2210    7.5391
    Force constants ---    0.2980    0.2980    1.5291    1.5291    2.0429
     IR Intensities ---    0.0000    0.0000    0.0000    0.0000    0.0000
 Coord Atom Element:
   1     1     6   0.00000  -0.00000   0.09972  -0.12630   0.00000
   2     1     6   0.00000   0.00000  -0.28536  -0.22531   0.00000
   3     1     6   0.24285  -0.02898   0.00000   0.00000   0.31469
   1     2     6  -0.00000  -0.00000   0.32230  -0.04170  -0.00000
   2     2     6   0.00000  -0.00000   0.11736  -0.19671   0.00000
   3     2     6  -0.14652  -0.19582  -0.00000  -0.00000  -0.31469
   1     3     6  -0.00000   0.00000   0.03420   0.32318  -0.00000
   2     3     6   0.00000   0.00000   0.16412  -0.15979  -0.00000
   3     3     6  -0.09633   0.22480   0.00000   0.00000   0.31469
   1     4     6  -0.00000  -0.00000  -0.09972   0.12630   0.00000
   2     4     6  -0.00000  -0.00000   0.28536   0.22531  -0.00000
   3     4     6   0.24285  -0.02898  -0.00000  -0.00000  -0.31469
   1     5     6   0.00000   0.00000  -0.32230   0.04170   0.00000
   2     5     6  -0.00000  -0.00000  -0.11736   0.19671   0.00000
   3     5     6  -0.14652  -0.19582   0.00000   0.00000   0.31469
   1     6     6   0.00000   0.00000  -0.03420  -0.32318   0.00000
   2     6     6   0.00000   0.00000  -0.16412   0.15979  -0.00000
   3     6     6  -0.09633   0.22480  -0.00000  -0.00000  -0.31469
   1     7     1  -0.00000   0.00000  -0.12914   0.16356  -0.00000
   2     7     1   0.00000   0.00000  -0.28495  -0.22499   0.00000
   3     7     1   0.51931  -0.06196   0.00000  -0.00000   0.26007
   1     8     1   0.00000  -0.00000   0.25359  -0.21310  -0.00000
   2     8     1  -0.00000  -0.00000   0.23541   0.10054  -0.00000
   3     8     1  -0.31332  -0.41875   0.00000  -0.00000  -0.26007
   1     9     1  -0.00000  -0.00000  -0.14846   0.29611  -0.00000
   2     9     1  -0.00000   0.00000  -0.15240  -0.20567   0.00000
   3     9     1  -0.20599   0.48071   0.00000  -0.00000   0.26007
   1    10     1   0.00000   0.00000   0.12914  -0.16356  -0.00000
   2    10     1  -0.00000  -0.00000   0.28495   0.22499  -0.00000
   3    10     1   0.51931  -0.06196   0.00000  -0.00000  -0.26007
   1    11     1  -0.00000  -0.00000  -0.25359   0.21310   0.00000
   2    11     1   0.00000   0.00000  -0.23541  -0.10054   0.00000
   3    11     1  -0.31332  -0.41875   0.00000  -0.00000   0.26007
   1    12     1   0.00000  -0.00000   0.14846  -0.29611   0.00000
   2    12     1   0.00000  -0.00000   0.15240   0.20567  -0.00000
   3    12     1  -0.20599   0.48071  -0.00000  -0.00000  -0.26007
                                6         7         8         9        10
                              A2U       E1G       E1G       E2U       E2U
        Frequencies ---  684.1694  852.2314  852.2314  931.2417  931.2417
     Reduced masses ---    1.0848    1.2462    1.2462    1.3513    1.3513
    Force constants ---    0.2992    0.5333    0.5333    0.6904    0.6904
     IR Intensities ---    0.0000    0.0000    0.0000    0.0000    0.0000
 Coord Atom Element:
   1     1     6  -0.00000  -0.00000   0.00000   0.00000   0.00000
   2     1     6  -0.00000  -0.00000  -0.00000   0.00000   0.00000
   3     1     6  -0.03417  -0.08402   0.01295   0.08809   0.05153
   1     2     6  -0.00000   0.00000  -0.00000   0.00000   0.00000
   2     2     6  -0.00000   0.00000   0.00000   0.00000   0.00000
   3     2     6  -0.03417  -0.05323  -0.06629  -0.08867   0.05053
   1     3     6   0.00000   0.00000   0.00000   0.00000   0.00000
   2     3     6  -0.00000   0.00000   0.00000   0.00000  -0.00000
   3     3     6  -0.03417   0.03079  -0.07924   0.00058  -0.10206
   1     4     6   0.00000   0.00000   0.00000  -0.00000   0.00000
   2     4     6   0.00000  -0.00000  -0.00000  -0.00000  -0.00000
   3     4     6  -0.03417   0.08402  -0.01295   0.08809   0.05153
   1     5     6   0.00000   0.00000  -0.00000  -0.00000  -0.00000
   2     5     6   0.00000   0.00000  -0.00000  -0.00000   0.00000
   3     5     6  -0.03417   0.05323   0.06629  -0.08867   0.05053
   1     6     6  -0.00000  -0.00000   0.00000  -0.00000  -0.00000
   2     6     6   0.00000   0.00000   0.00000   0.00000  -0.00000
   3     6     6  -0.03417  -0.03079   0.07924   0.00058  -0.10206
   1     7     1   0.00000  -0.00000   0.00000   0.00000  -0.00000
   2     7     1   0.00000  -0.00000  -0.00000   0.00000  -0.00000
   3     7     1   0.40682   0.56439  -0.08700  -0.49051  -0.28690
   1     8     1  -0.00000  -0.00000  -0.00000   0.00000   0.00000
   2     8     1  -0.00000   0.00000   0.00000  -0.00000   0.00000
   3     8     1   0.40682   0.35754   0.44528   0.49372  -0.28135
   1     9     1   0.00000   0.00000   0.00000   0.00000  -0.00000
   2     9     1  -0.00000   0.00000   0.00000   0.00000  -0.00000
   3     9     1   0.40682  -0.20685   0.53228  -0.00321   0.56825
   1    10     1  -0.00000  -0.00000   0.00000  -0.00000  -0.00000
   2    10     1   0.00000  -0.00000  -0.00000  -0.00000  -0.00000
   3    10     1   0.40682  -0.56439   0.08700  -0.49051  -0.28690
   1    11     1   0.00000  -0.00000  -0.00000   0.00000  -0.00000
   2    11     1   0.00000   0.00000   0.00000  -0.00000   0.00000
   3    11     1   0.40682  -0.35754  -0.44528   0.49372  -0.28135
   1    12     1  -0.00000  -0.00000   0.00000  -0.00000  -0.00000
   2    12     1  -0.00000   0.00000   0.00000  -0.00000  -0.00000
   3    12     1   0.40682   0.20685  -0.53228  -0.00321   0.56825
                               11        12        13        14        15
                              B2G       A1G       E1U       E1U       B1U
        Frequencies ---  933.5249  992.5830 1056.3901 1056.3901 1067.4650
     Reduced masses ---    1.0605    6.0097    1.9954    1.9954    6.4525
    Force constants ---    0.5445    3.4885    1.3120    1.3120    4.3320
     IR Intensities ---    0.0000    0.0000    0.0000    0.0000    0.0000
 Coord Atom Element:
   1     1     6   0.00000  -0.00000   0.00420   0.10511  -0.00000
   2     1     6   0.00000   0.27539   0.13731  -0.00549   0.28732
   3     1     6  -0.02827  -0.00000  -0.00000  -0.00000   0.00000
   1     2     6   0.00000   0.23850   0.10190  -0.08090  -0.24883
   2     2     6   0.00000   0.13770  -0.04870  -0.10319  -0.14366
   3     2     6   0.02827  -0.00000  -0.00000   0.00000  -0.00000
   1     3     6   0.00000   0.23850  -0.10804  -0.07250   0.24883
   2     3     6  -0.00000  -0.13770  -0.04031   0.10675  -0.14366
   3     3     6  -0.02827   0.00000  -0.00000  -0.00000  -0.00000
   1     4     6   0.00000   0.00000   0.00420   0.10511   0.00000
   2     4     6  -0.00000  -0.27539   0.13731  -0.00549   0.28732
   3     4     6   0.02827  -0.00000  -0.00000   0.00000   0.00000
   1     5     6  -0.00000  -0.23850   0.10190  -0.08090  -0.24883
   2     5     6  -0.00000  -0.13770  -0.04870  -0.10319  -0.14366
   3     5     6  -0.02827   0.00000   0.00000   0.00000   0.00000
   1     6     6  -0.00000  -0.23850  -0.10804  -0.07250   0.24883
   2     6     6   0.00000   0.13770  -0.04031   0.10675  -0.14366
   3     6     6   0.02827   0.00000   0.00000  -0.00000  -0.00000
   1     7     1   0.00000  -0.00000   0.02122   0.53037   0.00000
   2     7     1   0.00000   0.30137   0.14698  -0.00588   0.29002
   3     7     1   0.40727   0.00000   0.00000   0.00000   0.00000
   1     8     1   0.00000   0.26100   0.29420   0.01062  -0.25117
   2     8     1  -0.00000   0.15069  -0.37277  -0.27886  -0.14501
   3     8     1  -0.40727   0.00000   0.00000  -0.00000  -0.00000
   1     9     1   0.00000   0.26100  -0.29241   0.03409   0.25117
   2     9     1  -0.00000  -0.15069  -0.34930   0.30775  -0.14501
   3     9     1   0.40727  -0.00000   0.00000   0.00000   0.00000
   1    10     1  -0.00000   0.00000   0.02122   0.53037  -0.00000
   2    10     1  -0.00000  -0.30137   0.14698  -0.00588   0.29002
   3    10     1  -0.40727   0.00000   0.00000   0.00000  -0.00000
   1    11     1   0.00000  -0.26100   0.29420   0.01062  -0.25117
   2    11     1  -0.00000  -0.15069  -0.37277  -0.27886  -0.14501
   3    11     1   0.40727  -0.00000  -0.00000  -0.00000   0.00000
   1    12     1  -0.00000  -0.26100  -0.29241   0.03409   0.25117
   2    12     1   0.00000   0.15069  -0.34930   0.30775  -0.14501
   3    12     1  -0.40727   0.00000  -0.00000   0.00000   0.00000
                               16        17        18        19        20
                              B2U       E2G       E2G       B2U       A2G
        Frequencies --- 1237.2931 1247.1403 1247.1403 1319.2685 1435.4835
     Reduced masses ---    1.2814    1.2096    1.2096    3.3877    1.2462
    Force constants ---    1.1558    1.1085    1.1085    3.4739    1.5129
     IR Intensities ---    0.0000    0.0000    0.0000    0.0000    0.0000
 Coord Atom Element:
   1     1     6   0.06441   0.02245   0.07466   0.18996  -0.06011
   2     1     6   0.00000  -0.00615   0.00185   0.00000  -0.00000
   3     1     6  -0.00000   0.00000  -0.00000  -0.00000  -0.00000
   1     2     6  -0.03220  -0.03666  -0.01436  -0.09498  -0.03006
   2     2     6   0.05578   0.06645   0.01237   0.16451   0.05206
   3     2     6  -0.00000   0.00000   0.00000   0.00000   0.00000
   1     3     6  -0.03220  -0.02267   0.03220  -0.09498   0.03006
   2     3     6  -0.05578  -0.04861   0.04696  -0.16451   0.05206
   3     3     6   0.00000  -0.00000   0.00000  -0.00000   0.00000
   1     4     6   0.06441  -0.02245  -0.07466   0.18996   0.06011
   2     4     6   0.00000   0.00615  -0.00185   0.00000   0.00000
   3     4     6   0.00000   0.00000  -0.00000   0.00000   0.00000
   1     5     6  -0.03220   0.03666   0.01436  -0.09498   0.03006
   2     5     6   0.05578  -0.06645  -0.01237   0.16451  -0.05206
   3     5     6  -0.00000   0.00000   0.00000  -0.00000  -0.00000
   1     6     6  -0.03220   0.02267  -0.03220  -0.09498  -0.03006
   2     6     6  -0.05578   0.04861  -0.04696  -0.16451  -0.05206
   3     6     6   0.00000  -0.00000   0.00000   0.00000  -0.00000
   1     7     1   0.40314   0.16469   0.54777  -0.36136   0.40380
   2     7     1   0.00000  -0.00624   0.00188   0.00000  -0.00000
   3     7     1   0.00000  -0.00000   0.00000  -0.00000   0.00000
   1     8     1  -0.20157  -0.27707  -0.07112   0.18068   0.20190
   2     8     1   0.34913   0.48289   0.11050  -0.31295  -0.34970
   3     8     1   0.00000  -0.00000  -0.00000   0.00000  -0.00000
   1     9     1  -0.20157  -0.19191   0.21212   0.18068  -0.20190
   2     9     1  -0.34913  -0.34188   0.35848   0.31295  -0.34970
   3     9     1  -0.00000  -0.00000  -0.00000  -0.00000  -0.00000
   1    10     1   0.40314  -0.16469  -0.54777  -0.36136  -0.40380
   2    10     1   0.00000   0.00624  -0.00188   0.00000   0.00000
   3    10     1  -0.00000   0.00000   0.00000   0.00000   0.00000
   1    11     1  -0.20157   0.27707   0.07112   0.18068  -0.20190
   2    11     1   0.34913  -0.48289  -0.11050  -0.31295   0.34970
   3    11     1   0.00000  -0.00000  -0.00000  -0.00000   0.00000
   1    12     1  -0.20157   0.19191  -0.21212   0.18068   0.20190
   2    12     1  -0.34913   0.34188  -0.35848   0.31295   0.34970
   3    12     1  -0.00000   0.00000  -0.00000   0.00000   0.00000
                               21        22        23        24        25
                              E1U       E1U       E2G       E2G       B1U
        Frequencies --- 1532.8465 1532.8465 1598.8987 1598.8987 3182.2915
     Reduced masses ---    1.7177    1.7177    4.0879    4.0879    1.0863
    Force constants ---    2.3779    2.3779    6.1574    6.1574    6.4813
     IR Intensities ---    0.0000    0.0000    0.0000    0.0000    0.0000
 Coord Atom Element:
   1     1     6   0.00507  -0.12704   0.08668   0.26167  -0.00000
   2     1     6   0.07317   0.00292  -0.12529   0.04150  -0.03449
   3     1     6   0.00000  -0.00000   0.00000  -0.00000   0.00000
   1     2     6   0.08577   0.02658  -0.11185  -0.13982   0.02987
   2     2     6  -0.08045   0.08362   0.24713  -0.01634   0.01724
   3     2     6  -0.00000  -0.00000   0.00000   0.00000  -0.00000
   1     3     6  -0.08762   0.01966  -0.00625   0.17894  -0.02987
   2     3     6  -0.07352  -0.08977  -0.20801   0.13444   0.01724
   3     3     6   0.00000   0.00000   0.00000   0.00000  -0.00000
   1     4     6   0.00507  -0.12704  -0.08668  -0.26167   0.00000
   2     4     6   0.07317   0.00292   0.12529  -0.04150  -0.03449
   3     4     6   0.00000   0.00000  -0.00000  -0.00000   0.00000
   1     5     6   0.08577   0.02658   0.11185   0.13982   0.02987
   2     5     6  -0.08045   0.08362  -0.24713   0.01634   0.01724
   3     5     6  -0.00000   0.00000   0.00000   0.00000  -0.00000
   1     6     6  -0.08762   0.01966   0.00625  -0.17894  -0.02987
   2     6     6  -0.07352  -0.08977   0.20801  -0.13444   0.01724
   3     6     6   0.00000  -0.00000  -0.00000   0.00000   0.00000
   1     7     1  -0.02198   0.55050  -0.14675  -0.44299   0.00000
   2     7     1   0.09088   0.00363  -0.14130   0.04681   0.40679
   3     7     1  -0.00000   0.00000   0.00000  -0.00000  -0.00000
   1     8     1  -0.20724   0.19784   0.25458  -0.07904  -0.35229
   2     8     1   0.44354  -0.18163  -0.38073  -0.15464  -0.20339
   3     8     1  -0.00000  -0.00000  -0.00000   0.00000   0.00000
   1     9     1   0.19081   0.21373   0.25142  -0.08859   0.35229
   2     9     1   0.42765   0.21641   0.21310  -0.35137  -0.20339
   3     9     1  -0.00000   0.00000   0.00000   0.00000   0.00000
   1    10     1  -0.02198   0.55050   0.14675   0.44299  -0.00000
   2    10     1   0.09088   0.00363   0.14130  -0.04681   0.40679
   3    10     1  -0.00000  -0.00000  -0.00000  -0.00000  -0.00000
   1    11     1  -0.20724   0.19784  -0.25458   0.07904  -0.35229
   2    11     1   0.44354  -0.18163   0.38073   0.15464  -0.20339
   3    11     1   0.00000  -0.00000   0.00000   0.00000   0.00000
   1    12     1   0.19081   0.21373  -0.25142   0.08859   0.35229
   2    12     1   0.42765   0.21641  -0.21310   0.35137  -0.20339
   3    12     1  -0.00000   0.00000  -0.00000   0.00000   0.00000
                               26        27        28        29        30
                              E2G       E2G       E1U       E1U       A1G
        Frequencies --- 3191.8910 3191.8910 3209.6325 3209.6325 3223.1696
     Reduced masses ---    1.0881    1.0881    1.0940    1.0940    1.0999
    Force constants ---    6.5315    6.5315    6.6402    6.6402    6.7324
     IR Intensities ---    0.0000    0.0000    0.0000    0.0000    0.0000
 Coord Atom Element:
   1     1     6  -0.00162  -0.00119   0.00318  -0.00010  -0.00000
   2     1     6   0.02919  -0.03972  -0.00166  -0.05100  -0.03736
   3     1     6  -0.00000   0.00000   0.00000   0.00000   0.00000
   1     2     6   0.01808   0.03869  -0.03821  -0.02224  -0.03236
   2     2     6   0.00831   0.02327  -0.02380  -0.00960  -0.01868
   3     2     6  -0.00000  -0.00000   0.00000   0.00000   0.00000
   1     3     6  -0.04232  -0.00569  -0.03669   0.02468  -0.03236
   2     3     6   0.02469   0.00097   0.02312  -0.01112   0.01868
   3     3     6  -0.00000  -0.00000  -0.00000   0.00000  -0.00000
   1     4     6   0.00162   0.00119   0.00318  -0.00010   0.00000
   2     4     6  -0.02919   0.03972  -0.00166  -0.05100   0.03736
   3     4     6   0.00000  -0.00000  -0.00000   0.00000  -0.00000
   1     5     6  -0.01808  -0.03869  -0.03821  -0.02224   0.03236
   2     5     6  -0.00831  -0.02327  -0.02380  -0.00960   0.01868
   3     5     6   0.00000   0.00000   0.00000   0.00000  -0.00000
   1     6     6   0.04232   0.00569  -0.03669   0.02468   0.03236
   2     6     6  -0.02469  -0.00097   0.02312  -0.01112  -0.01868
   3     6     6   0.00000   0.00000  -0.00000  -0.00000   0.00000
   1     7     1   0.00266   0.00196  -0.00543   0.00018   0.00000
   2     7     1  -0.34059   0.46356   0.01865   0.57475   0.40653
   3     7     1  -0.00000  -0.00000  -0.00000  -0.00000  -0.00000
   1     8     1  -0.20170  -0.45551   0.43786   0.23728   0.35207
   2     8     1  -0.11296  -0.26452   0.25576   0.13146   0.20327
   3     8     1  -0.00000   0.00000  -0.00000  -0.00000  -0.00000
   1     9     1   0.49497   0.05636   0.42155  -0.26517   0.35207
   2     9     1  -0.28619  -0.02874  -0.24669   0.14777  -0.20327
   3     9     1   0.00000   0.00000   0.00000  -0.00000   0.00000
   1    10     1  -0.00266  -0.00196  -0.00543   0.00018  -0.00000
   2    10     1   0.34059  -0.46356   0.01865   0.57475  -0.40653
   3    10     1  -0.00000   0.00000  -0.00000  -0.00000   0.00000
   1    11     1   0.20170   0.45551   0.43786   0.23728  -0.35207
   2    11     1   0.11296   0.26452   0.25576   0.13146  -0.20327
   3    11     1  -0.00000  -0.00000  -0.00000  -0.00000   0.00000
   1    12     1  -0.49497  -0.05636   0.42155  -0.26517  -0.35207
   2    12     1   0.28619   0.02874  -0.24669   0.14777   0.20327
   3    12     1  -0.00000  -0.00000  -0.00000  -0.00000  -0.00000
