12 0 C6H6_MP2_3-21G_D6h
 1 2 1.0 6 1.0 7 1.0
 2 3 1.0 8 1.0
 3 4 1.0 9 1.0
 4 5 1.0 10 1.0
 5 6 1.0 11 1.0
 6 12 1.0
 7
 8
 9
 10
 11
 12
      1          6           0        0.000000    1.406876    0.000000
      2          6           0        1.218390    0.703438    0.000000
      3          6           0        1.218390   -0.703438    0.000000
      4          6           0       -0.000000   -1.406876   -0.000000
      5          6           0       -1.218390   -0.703438    0.000000
      6          6           0       -1.218390    0.703438    0.000000
      7          1           0        0.000000    2.493833    0.000000
      8          1           0        2.159723    1.246916    0.000000
      9          1           0        2.159723   -1.246916    0.000000
     10          1           0       -0.000000   -2.493833   -0.000000
     11          1           0       -2.159723   -1.246916    0.000000
     12          1           0       -2.159723    1.246916    0.000000
                                1         2         3         4         5
                              E2U       E2U       E2G       E2G       B2G
        Frequencies ---  411.9847  411.9847  645.8926  645.8926  678.1652
     Reduced masses ---    2.9803    2.9803    6.2210    6.2210    7.5391
    Force constants ---    0.2980    0.2980    1.5291    1.5291    2.0429
     IR Intensities ---    0.0000    0.0000    0.0000    0.0000    0.0000
 Coord Atom Element:
   1     1     6   0.00000   0.00000   0.09965   0.12635   0.00000
   2     1     6  -0.00000   0.00000  -0.28548   0.22515   0.00000
   3     1     6   0.24456  -0.00200   0.00000  -0.00000   0.31469
   1     2     6   0.00000   0.00000   0.32228   0.04188  -0.00000
   2     2     6   0.00000   0.00000   0.11725   0.19678   0.00000
   3     2     6  -0.12055   0.21280  -0.00000   0.00000  -0.31469
   1     3     6   0.00000   0.00000   0.03438  -0.32316  -0.00000
   2     3     6   0.00000  -0.00000   0.16404   0.15988  -0.00000
   3     3     6  -0.12401  -0.21079   0.00000  -0.00000   0.31469
   1     4     6  -0.00000   0.00000  -0.09965  -0.12635   0.00000
   2     4     6  -0.00000  -0.00000   0.28548  -0.22515  -0.00000
   3     4     6   0.24456  -0.00200  -0.00000   0.00000  -0.31469
   1     5     6  -0.00000  -0.00000  -0.32228  -0.04188   0.00000
   2     5     6  -0.00000   0.00000  -0.11725  -0.19678   0.00000
   3     5     6  -0.12055   0.21280   0.00000  -0.00000   0.31469
   1     6     6  -0.00000  -0.00000  -0.03438   0.32316   0.00000
   2     6     6   0.00000  -0.00000  -0.16404  -0.15988  -0.00000
   3     6     6  -0.12401  -0.21079  -0.00000   0.00000  -0.31469
   1     7     1  -0.00000  -0.00000  -0.12905  -0.16363  -0.00000
   2     7     1   0.00000   0.00000  -0.28508   0.22483   0.00000
   3     7     1   0.52297  -0.00428   0.00000  -0.00000   0.26007
   1     8     1   0.00000   0.00000   0.25348   0.21324  -0.00000
   2     8     1   0.00000   0.00000   0.23547  -0.10040  -0.00000
   3     8     1  -0.25778   0.45505  -0.00000   0.00000  -0.26007
   1     9     1   0.00000   0.00000  -0.14830  -0.29619  -0.00000
   2     9     1  -0.00000  -0.00000  -0.15252   0.20558   0.00000
   3     9     1  -0.26520  -0.45077   0.00000  -0.00000   0.26007
   1    10     1   0.00000  -0.00000   0.12905   0.16363  -0.00000
   2    10     1  -0.00000  -0.00000   0.28508  -0.22483  -0.00000
   3    10     1   0.52297  -0.00428  -0.00000  -0.00000  -0.26007
   1    11     1  -0.00000   0.00000  -0.25348  -0.21324   0.00000
   2    11     1   0.00000  -0.00000  -0.23547   0.10040   0.00000
   3    11     1  -0.25778   0.45505  -0.00000  -0.00000   0.26007
   1    12     1   0.00000   0.00000   0.14830   0.29619   0.00000
   2    12     1   0.00000   0.00000   0.15252  -0.20558  -0.00000
   3    12     1  -0.26520  -0.45077  -0.00000  -0.00000  -0.26007
                                6         7         8         9        10
                              A2U       E1G       E1G       E2U       E2U
        Frequencies ---  684.1694  852.2314  852.2314  931.2417  931.2417
     Reduced masses ---    1.0848    1.2462    1.2462    1.3513    1.3513
    Force constants ---    0.2992    0.5333    0.5333    0.6904    0.6904
     IR Intensities ---    0.0000    0.0000    0.0000    0.0000    0.0000
 Coord Atom Element:
   1     1     6  -0.00000  -0.00000   0.00000   0.00000  -0.00000
   2     1     6   0.00000  -0.00000  -0.00000  -0.00000   0.00000
   3     1     6   0.03417  -0.08501  -0.00052   0.03621  -0.09542
   1     2     6  -0.00000   0.00000   0.00000   0.00000  -0.00000
   2     2     6  -0.00000   0.00000   0.00000   0.00000  -0.00000
   3     2     6   0.03417  -0.04296   0.07336  -0.10074   0.01635
   1     3     6   0.00000   0.00000  -0.00000  -0.00000   0.00000
   2     3     6  -0.00000  -0.00000   0.00000   0.00000  -0.00000
   3     3     6   0.03417   0.04206   0.07388   0.06453   0.07907
   1     4     6   0.00000  -0.00000  -0.00000  -0.00000   0.00000
   2     4     6  -0.00000  -0.00000   0.00000  -0.00000   0.00000
   3     4     6   0.03417   0.08501   0.00052   0.03621  -0.09542
   1     5     6   0.00000  -0.00000  -0.00000   0.00000  -0.00000
   2     5     6   0.00000   0.00000  -0.00000  -0.00000  -0.00000
   3     5     6   0.03417   0.04296  -0.07336  -0.10074   0.01635
   1     6     6  -0.00000   0.00000   0.00000  -0.00000   0.00000
   2     6     6   0.00000   0.00000  -0.00000   0.00000   0.00000
   3     6     6   0.03417  -0.04206  -0.07388   0.06453   0.07907
   1     7     1   0.00000  -0.00000  -0.00000   0.00000   0.00000
   2     7     1   0.00000  -0.00000  -0.00000  -0.00000   0.00000
   3     7     1  -0.40682   0.57105   0.00350  -0.20163   0.53128
   1     8     1  -0.00000  -0.00000   0.00000   0.00000  -0.00000
   2     8     1  -0.00000   0.00000  -0.00000  -0.00000  -0.00000
   3     8     1  -0.40682   0.28855  -0.49279   0.56092  -0.09102
   1     9     1   0.00000   0.00000  -0.00000  -0.00000   0.00000
   2     9     1   0.00000  -0.00000  -0.00000   0.00000  -0.00000
   3     9     1  -0.40682  -0.28250  -0.49629  -0.35929  -0.44026
   1    10     1  -0.00000  -0.00000   0.00000   0.00000   0.00000
   2    10     1  -0.00000  -0.00000   0.00000  -0.00000  -0.00000
   3    10     1  -0.40682  -0.57105  -0.00350  -0.20163   0.53128
   1    11     1  -0.00000  -0.00000   0.00000   0.00000  -0.00000
   2    11     1   0.00000   0.00000  -0.00000  -0.00000  -0.00000
   3    11     1  -0.40682  -0.28855   0.49279   0.56092  -0.09102
   1    12     1  -0.00000  -0.00000   0.00000  -0.00000   0.00000
   2    12     1   0.00000  -0.00000  -0.00000   0.00000   0.00000
   3    12     1  -0.40682   0.28250   0.49629  -0.35929  -0.44026
                               11        12        13        14        15
                              B2G       A1G       E1U       E1U       B1U
        Frequencies ---  933.5249  992.5830 1056.3901 1056.3901 1067.4650
     Reduced masses ---    1.0605    6.0097    1.9954    1.9954    6.4525
    Force constants ---    0.5445    3.4885    1.3120    1.3120    4.3320
     IR Intensities ---    0.0000    0.0000    0.0000    0.0000    0.0000
 Coord Atom Element:
   1     1     6  -0.00000  -0.00000   0.00422  -0.10511  -0.00000
   2     1     6  -0.00000   0.27539   0.13731   0.00551   0.28732
   3     1     6  -0.02827   0.00000   0.00000   0.00000   0.00000
   1     2     6  -0.00000   0.23850   0.10189   0.08091  -0.24883
   2     2     6  -0.00000   0.13770  -0.04871   0.10318  -0.14366
   3     2     6   0.02827  -0.00000  -0.00000  -0.00000  -0.00000
   1     3     6  -0.00000   0.23850  -0.10805   0.07249   0.24883
   2     3     6   0.00000  -0.13770  -0.04029  -0.10675  -0.14366
   3     3     6  -0.02827   0.00000   0.00000   0.00000  -0.00000
   1     4     6   0.00000   0.00000   0.00422  -0.10511   0.00000
   2     4     6   0.00000  -0.27539   0.13731   0.00551   0.28732
   3     4     6   0.02827  -0.00000   0.00000  -0.00000   0.00000
   1     5     6   0.00000  -0.23850   0.10189   0.08091  -0.24883
   2     5     6   0.00000  -0.13770  -0.04871   0.10318  -0.14366
   3     5     6  -0.02827   0.00000   0.00000  -0.00000  -0.00000
   1     6     6   0.00000  -0.23850  -0.10805   0.07249   0.24883
   2     6     6  -0.00000   0.13770  -0.04029  -0.10675  -0.14366
   3     6     6   0.02827  -0.00000  -0.00000   0.00000   0.00000
   1     7     1  -0.00000  -0.00000   0.02127  -0.53037   0.00000
   2     7     1  -0.00000   0.30137   0.14698   0.00590   0.29002
   3     7     1   0.40727   0.00000   0.00000  -0.00000  -0.00000
   1     8     1  -0.00000   0.26100   0.29420  -0.01059  -0.25117
   2     8     1  -0.00000   0.15069  -0.37280   0.27882  -0.14501
   3     8     1  -0.40727  -0.00000   0.00000   0.00000   0.00000
   1     9     1  -0.00000   0.26100  -0.29241  -0.03412   0.25117
   2     9     1   0.00000  -0.15069  -0.34927  -0.30778  -0.14501
   3     9     1   0.40727   0.00000  -0.00000  -0.00000   0.00000
   1    10     1  -0.00000   0.00000   0.02127  -0.53037  -0.00000
   2    10     1   0.00000  -0.30137   0.14698   0.00590   0.29002
   3    10     1  -0.40727  -0.00000  -0.00000   0.00000  -0.00000
   1    11     1   0.00000  -0.26100   0.29420  -0.01059  -0.25117
   2    11     1   0.00000  -0.15069  -0.37280   0.27882  -0.14501
   3    11     1   0.40727   0.00000  -0.00000   0.00000   0.00000
   1    12     1   0.00000  -0.26100  -0.29241  -0.03412   0.25117
   2    12     1   0.00000   0.15069  -0.34927  -0.30778  -0.14501
   3    12     1  -0.40727  -0.00000  -0.00000  -0.00000  -0.00000
                               16        17        18        19        20
                              B2U       E2G       E2G       B2U       A2G
        Frequencies --- 1237.2932 1247.1403 1247.1403 1319.2685 1435.4835
     Reduced masses ---    1.2814    1.2096    1.2096    3.3877    1.2462
    Force constants ---    1.1558    1.1085    1.1085    3.4739    1.5129
     IR Intensities ---    0.0000    0.0000    0.0000    0.0000    0.0000
 Coord Atom Element:
   1     1     6   0.06441   0.02242   0.07466   0.18996  -0.06011
   2     1     6   0.00000  -0.00615   0.00185   0.00000  -0.00000
   3     1     6  -0.00000  -0.00000  -0.00000  -0.00000  -0.00000
   1     2     6  -0.03220  -0.03666  -0.01437  -0.09498  -0.03006
   2     2     6   0.05578   0.06644   0.01239   0.16451   0.05206
   3     2     6  -0.00000   0.00000   0.00000   0.00000   0.00000
   1     3     6  -0.03220  -0.02268   0.03219  -0.09498   0.03006
   2     3     6  -0.05578  -0.04863   0.04694  -0.16451   0.05206
   3     3     6  -0.00000  -0.00000   0.00000  -0.00000   0.00000
   1     4     6   0.06441  -0.02242  -0.07466   0.18996   0.06011
   2     4     6   0.00000   0.00615  -0.00185   0.00000   0.00000
   3     4     6   0.00000   0.00000  -0.00000   0.00000  -0.00000
   1     5     6  -0.03220   0.03666   0.01437  -0.09498   0.03006
   2     5     6   0.05578  -0.06644  -0.01239   0.16451  -0.05206
   3     5     6  -0.00000   0.00000   0.00000  -0.00000  -0.00000
   1     6     6  -0.03220   0.02268  -0.03219  -0.09498  -0.03006
   2     6     6  -0.05578   0.04863  -0.04694  -0.16451  -0.05206
   3     6     6   0.00000  -0.00000  -0.00000   0.00000  -0.00000
   1     7     1   0.40314   0.16450   0.54782  -0.36136   0.40380
   2     7     1   0.00000  -0.00624   0.00187   0.00000  -0.00000
   3     7     1   0.00000  -0.00000   0.00000  -0.00000   0.00000
   1     8     1  -0.20157  -0.27704  -0.07122   0.18068   0.20190
   2     8     1   0.34913   0.48285   0.11067  -0.31295  -0.34970
   3     8     1  -0.00000  -0.00000  -0.00000   0.00000   0.00000
   1     9     1  -0.20157  -0.19198   0.21206   0.18068  -0.20190
   2     9     1  -0.34913  -0.34201   0.35836   0.31295  -0.34970
   3     9     1   0.00000   0.00000  -0.00000  -0.00000  -0.00000
   1    10     1   0.40314  -0.16450  -0.54782  -0.36136  -0.40380
   2    10     1   0.00000   0.00624  -0.00187   0.00000   0.00000
   3    10     1  -0.00000   0.00000   0.00000   0.00000   0.00000
   1    11     1  -0.20157   0.27704   0.07122   0.18068  -0.20190
   2    11     1   0.34913  -0.48285  -0.11067  -0.31295   0.34970
   3    11     1   0.00000  -0.00000  -0.00000  -0.00000   0.00000
   1    12     1  -0.20157   0.19198  -0.21206   0.18068   0.20190
   2    12     1  -0.34913   0.34201  -0.35836   0.31295   0.34970
   3    12     1  -0.00000   0.00000   0.00000   0.00000   0.00000
                               21        22        23        24        25
                              E1U       E1U       E2G       E2G       B1U
        Frequencies --- 1532.8465 1532.8465 1598.8987 1598.8987 3182.2915
     Reduced masses ---    1.7177    1.7177    4.0879    4.0879    1.0863
    Force constants ---    2.3779    2.3779    6.1574    6.1574    6.4813
     IR Intensities ---    0.0000    0.0000    0.0000    0.0000    0.0000
 Coord Atom Element:
   1     1     6  -0.00506   0.12704  -0.08611   0.26186  -0.00000
   2     1     6  -0.07317  -0.00291   0.12538   0.04123  -0.03449
   3     1     6  -0.00000   0.00000  -0.00000  -0.00000  -0.00000
   1     2     6  -0.08577  -0.02657   0.11155  -0.14006   0.02987
   2     2     6   0.08044  -0.08363  -0.24717  -0.01579   0.01724
   3     2     6   0.00000   0.00000  -0.00000   0.00000  -0.00000
   1     3     6   0.08761  -0.01967   0.00665   0.17893  -0.02987
   2     3     6   0.07353   0.08976   0.20830   0.13399   0.01724
   3     3     6  -0.00000  -0.00000   0.00000   0.00000  -0.00000
   1     4     6  -0.00506   0.12704   0.08611  -0.26186   0.00000
   2     4     6  -0.07317  -0.00291  -0.12538  -0.04123  -0.03449
   3     4     6  -0.00000  -0.00000   0.00000  -0.00000   0.00000
   1     5     6  -0.08577  -0.02657  -0.11155   0.14006   0.02987
   2     5     6   0.08044  -0.08363   0.24717   0.01579   0.01724
   3     5     6   0.00000  -0.00000  -0.00000   0.00000  -0.00000
   1     6     6   0.08761  -0.01967  -0.00665  -0.17893  -0.02987
   2     6     6   0.07353   0.08976  -0.20830  -0.13399   0.01724
   3     6     6   0.00000  -0.00000   0.00000   0.00000   0.00000
   1     7     1   0.02193  -0.55050   0.14578  -0.44331   0.00000
   2     7     1  -0.09088  -0.00362   0.14140   0.04650   0.40679
   3     7     1   0.00000  -0.00000   0.00000  -0.00000  -0.00000
   1     8     1   0.20722  -0.19786  -0.25476  -0.07849  -0.35229
   2     8     1  -0.44352   0.18167   0.38039  -0.15548  -0.20339
   3     8     1  -0.00000   0.00000  -0.00000  -0.00000   0.00000
   1     9     1  -0.19083  -0.21371  -0.25162  -0.08803   0.35229
   2     9     1  -0.42767  -0.21637  -0.21387  -0.35090  -0.20339
   3     9     1   0.00000  -0.00000   0.00000   0.00000   0.00000
   1    10     1   0.02193  -0.55050  -0.14578   0.44331  -0.00000
   2    10     1  -0.09088  -0.00362  -0.14140  -0.04650   0.40679
   3    10     1  -0.00000   0.00000   0.00000  -0.00000  -0.00000
   1    11     1   0.20722  -0.19786   0.25476   0.07849  -0.35229
   2    11     1  -0.44352   0.18167  -0.38039   0.15548  -0.20339
   3    11     1  -0.00000   0.00000  -0.00000   0.00000   0.00000
   1    12     1  -0.19083  -0.21371   0.25162   0.08803   0.35229
   2    12     1  -0.42767  -0.21637   0.21387   0.35090  -0.20339
   3    12     1  -0.00000  -0.00000   0.00000   0.00000   0.00000
                               26        27        28        29        30
                              E2G       E2G       E1U       E1U       A1G
        Frequencies --- 3191.8910 3191.8910 3209.6325 3209.6325 3223.1696
     Reduced masses ---    1.0881    1.0881    1.0940    1.0940    1.0999
    Force constants ---    6.5315    6.5315    6.6402    6.6402    6.7324
     IR Intensities ---    0.0000    0.0000    0.0000    0.0000    0.0000
 Coord Atom Element:
   1     1     6   0.00162   0.00119  -0.00318   0.00016  -0.00000
   2     1     6  -0.02919   0.03972   0.00256   0.05096  -0.03736
   3     1     6  -0.00000   0.00000  -0.00000   0.00000   0.00000
   1     2     6  -0.01807  -0.03869   0.03860   0.02156  -0.03236
   2     2     6  -0.00830  -0.02327   0.02396   0.00918  -0.01868
   3     2     6   0.00000   0.00000  -0.00000  -0.00000   0.00000
   1     3     6   0.04232   0.00570   0.03625  -0.02532  -0.03236
   2     3     6  -0.02469  -0.00098  -0.02292   0.01153   0.01868
   3     3     6   0.00000   0.00000   0.00000  -0.00000  -0.00000
   1     4     6  -0.00162  -0.00119  -0.00318   0.00016   0.00000
   2     4     6   0.02919  -0.03972   0.00256   0.05096   0.03736
   3     4     6  -0.00000  -0.00000   0.00000  -0.00000  -0.00000
   1     5     6   0.01807   0.03869   0.03860   0.02156   0.03236
   2     5     6   0.00830   0.02327   0.02396   0.00918   0.01868
   3     5     6  -0.00000  -0.00000  -0.00000   0.00000  -0.00000
   1     6     6  -0.04232  -0.00570   0.03625  -0.02532   0.03236
   2     6     6   0.02469   0.00098  -0.02292   0.01153  -0.01868
   3     6     6  -0.00000  -0.00000  -0.00000  -0.00000  -0.00000
   1     7     1  -0.00266  -0.00196   0.00542  -0.00027   0.00000
   2     7     1   0.34067  -0.46350  -0.02887  -0.57433   0.40653
   3     7     1   0.00000   0.00000  -0.00000   0.00000   0.00000
   1     8     1   0.20163   0.45554  -0.44201  -0.22946   0.35207
   2     8     1   0.11291   0.26454  -0.25805  -0.12690   0.20327
   3     8     1  -0.00000  -0.00000  -0.00000   0.00000   0.00000
   1     9     1  -0.49496  -0.05644  -0.41678   0.27262   0.35207
   2     9     1   0.28618   0.02879   0.24403  -0.15213  -0.20327
   3     9     1  -0.00000  -0.00000  -0.00000   0.00000   0.00000
   1    10     1   0.00266   0.00196   0.00542  -0.00027  -0.00000
   2    10     1  -0.34067   0.46350  -0.02887  -0.57433  -0.40653
   3    10     1   0.00000   0.00000  -0.00000  -0.00000   0.00000
   1    11     1  -0.20163  -0.45554  -0.44201  -0.22946  -0.35207
   2    11     1  -0.11291  -0.26454  -0.25805  -0.12690  -0.20327
   3    11     1   0.00000   0.00000   0.00000  -0.00000   0.00000
   1    12     1   0.49496   0.05644  -0.41678   0.27262  -0.35207
   2    12     1  -0.28618  -0.02879   0.24403  -0.15213   0.20327
   3    12     1   0.00000   0.00000   0.00000   0.00000  -0.00000
