15 0 C7H8
 1 2 1.0 7 1.0 8 1.0
 2 3 1.0 9 1.0
 3 4 1.0 10 1.0
 4 5 1.0 11 1.0
 5 6 1.0 12 1.0
 6 7 1.0 13 1.0
 7 14 1.0 15 1.0
 8
 9
 10
 11
 12
 13
 14
 15
      1          6           0       -0.273760    0.959676   -1.220163
      2          6           0       -0.273760   -0.362199   -1.532718
      3          6           0        0.289123   -1.412169   -0.686131
      4          6           0        0.289123   -1.412169    0.686131
      5          6           0       -0.273760   -0.362199    1.532718
      6          6           0       -0.273760    0.959676    1.220163
      7          6           0        0.483133    1.468468    0.000000
      8          1           0       -0.797268    1.676845   -1.848893
      9          1           0       -0.748980   -0.688108   -2.457634
     10          1           0        0.628346   -2.316358   -1.191387
     11          1           0        0.628346   -2.316358    1.191387
     12          1           0       -0.748980   -0.688108    2.457634
     13          1           0       -0.797268    1.676845    1.848893
     14          1           0        0.534620    2.561393    0.000000
     15          1           0        1.503151    1.059354   -0.000000
                                1         2         3         4         5
                               A'        A"        A'        A"        A'
        Frequencies ---  236.6616  290.9831  368.1859  415.9992  431.1003
     Reduced masses ---    2.2012    3.0878    3.1077    5.2086    2.1774
    Force constants ---    0.0726    0.1540    0.2482    0.5311    0.2384
     IR Intensities ---    0.0000    0.0000    0.0000    0.0000    0.0000
 Coord Atom Element:
   1     1     6   0.05489  -0.18103   0.02605  -0.03431  -0.10828
   2     1     6  -0.00448  -0.04588   0.00563   0.19329   0.01664
   3     1     6  -0.05745   0.07208   0.12925  -0.18823   0.12129
   1     2     6   0.10724   0.10412  -0.05778  -0.04621   0.15111
   2     2     6  -0.00811  -0.01548  -0.01676   0.13941   0.03353
   3     2     6  -0.03991  -0.03345   0.19297   0.10885  -0.01551
   1     3     6  -0.09081   0.19752   0.03083   0.08799  -0.02712
   2     3     6  -0.07869   0.04013  -0.10805   0.19108  -0.02042
   3     3     6   0.00269  -0.01898   0.00666   0.16876  -0.01530
   1     4     6  -0.09081  -0.19752   0.03083  -0.08799  -0.02712
   2     4     6  -0.07869  -0.04013  -0.10805  -0.19108  -0.02042
   3     4     6  -0.00269  -0.01898  -0.00666   0.16876   0.01530
   1     5     6   0.10724  -0.10412  -0.05778   0.04621   0.15111
   2     5     6  -0.00811   0.01548  -0.01676  -0.13941   0.03353
   3     5     6   0.03991  -0.03345  -0.19297   0.10885   0.01551
   1     6     6   0.05489   0.18103   0.02605   0.03431  -0.10828
   2     6     6  -0.00448   0.04588   0.00563  -0.19329   0.01664
   3     6     6   0.05745   0.07208  -0.12925  -0.18823  -0.12129
   1     7     6  -0.13001  -0.00000   0.08478   0.00000   0.03889
   2     7     6   0.15424   0.00000   0.20485   0.00000  -0.01702
   3     7     6   0.00000  -0.05200  -0.00000  -0.14807  -0.00000
   1     8     1   0.14466  -0.43014  -0.15511   0.04707  -0.32032
   2     8     1  -0.05316  -0.10057  -0.08009   0.16917  -0.01759
   3     8     1  -0.19025   0.21920   0.18017  -0.27888   0.26173
   1     9     1   0.23572   0.08531  -0.28315  -0.00141   0.19277
   2     9     1   0.02448  -0.08088   0.03137  -0.07740   0.06780
   3     9     1  -0.11916  -0.00124   0.28988   0.16054  -0.04950
   1    10     1  -0.22695   0.33602  -0.04257   0.16717  -0.38158
   2    10     1  -0.13642   0.07238  -0.08520   0.29818  -0.17407
   3    10     1   0.01397   0.01764  -0.07970   0.02438   0.02189
   1    11     1  -0.22695  -0.33602  -0.04257  -0.16717  -0.38158
   2    11     1  -0.13642  -0.07238  -0.08520  -0.29818  -0.17407
   3    11     1  -0.01397   0.01764   0.07970   0.02438  -0.02189
   1    12     1   0.23572  -0.08531  -0.28315   0.00141   0.19277
   2    12     1   0.02448   0.08088   0.03137   0.07740   0.06780
   3    12     1   0.11916  -0.00124  -0.28988   0.16054   0.04950
   1    13     1   0.14466   0.43014  -0.15511  -0.04707  -0.32032
   2    13     1  -0.05316   0.10057  -0.08009  -0.16917  -0.01759
   3    13     1   0.19025   0.21920  -0.18017  -0.27888  -0.26173
   1    14     1  -0.46392   0.00000  -0.20370  -0.00000   0.23157
   2    14     1   0.17189   0.00000   0.21813   0.00000  -0.02868
   3    14     1   0.00000  -0.09417   0.00000   0.11932   0.00000
   1    15     1   0.00666  -0.00000   0.17721   0.00000  -0.05034
   2    15     1   0.49536  -0.00000   0.44878   0.00000  -0.22938
   3    15     1   0.00000  -0.22580   0.00000  -0.29655   0.00000
                                6         7         8         9        10
                               A"        A'        A'        A"        A'
        Frequencies ---  605.7796  681.8588  735.0930  771.1146  804.8776
     Reduced masses ---    2.7284    1.9465    1.5490    1.4955    1.7095
    Force constants ---    0.5899    0.5332    0.4932    0.5239    0.6525
     IR Intensities ---    0.0000    0.0000    0.0000    0.0000    0.0000
 Coord Atom Element:
   1     1     6   0.14887   0.04430  -0.03084  -0.04053  -0.00310
   2     1     6  -0.04405  -0.08422  -0.03831  -0.04826   0.04199
   3     1     6  -0.03173   0.03451   0.13129   0.04640  -0.03373
   1     2     6  -0.11802  -0.01065  -0.01025  -0.09217   0.03188
   2     2     6  -0.04494  -0.03370  -0.00451  -0.03735   0.02505
   3     2     6   0.04635  -0.12781   0.01040   0.02712  -0.09087
   1     3     6   0.16604  -0.02194  -0.06072   0.05158  -0.05239
   2     3     6   0.02585   0.10455   0.01338   0.03965  -0.11653
   3     3     6  -0.07531  -0.01099   0.00214  -0.03217  -0.01522
   1     4     6  -0.16604  -0.02194  -0.06072  -0.05158  -0.05239
   2     4     6  -0.02585   0.10455   0.01338  -0.03965  -0.11653
   3     4     6  -0.07531   0.01099  -0.00214  -0.03217   0.01522
   1     5     6   0.11802  -0.01065  -0.01025   0.09217   0.03188
   2     5     6   0.04494  -0.03370  -0.00451   0.03735   0.02505
   3     5     6   0.04635   0.12781  -0.01040   0.02712   0.09087
   1     6     6  -0.14887   0.04430  -0.03084   0.04053  -0.00310
   2     6     6   0.04405  -0.08422  -0.03831   0.04826   0.04199
   3     6     6  -0.03173  -0.03451  -0.13129   0.04640   0.03373
   1     7     6  -0.00000   0.08163   0.03951  -0.00000   0.02377
   2     7     6  -0.00000  -0.00137  -0.01256   0.00000   0.06736
   3     7     6   0.04795   0.00000   0.00000   0.01803  -0.00000
   1     8     1  -0.06850  -0.23635   0.27352   0.45120  -0.28466
   2     8     1  -0.05223  -0.04112   0.03229   0.02336   0.00747
   3     8     1   0.13897   0.31578  -0.03797  -0.28128   0.15271
   1     9     1  -0.48499  -0.23808   0.34936   0.33947  -0.18247
   2     9     1  -0.07402  -0.04258   0.13594   0.01600   0.06696
   3     9     1   0.24566  -0.00592  -0.22108  -0.21156  -0.00066
   1    10     1   0.22024  -0.06831   0.38253   0.13278   0.53222
   2    10     1   0.04538   0.01247   0.18952   0.09300   0.12408
   3    10     1  -0.07336   0.12299  -0.01135  -0.07336  -0.06099
   1    11     1  -0.22024  -0.06831   0.38253  -0.13278   0.53222
   2    11     1  -0.04538   0.01247   0.18952  -0.09300   0.12408
   3    11     1  -0.07336  -0.12299   0.01135  -0.07336   0.06099
   1    12     1   0.48499  -0.23808   0.34936  -0.33947  -0.18247
   2    12     1   0.07402  -0.04258   0.13594  -0.01600   0.06696
   3    12     1   0.24566   0.00592   0.22108  -0.21156   0.00066
   1    13     1   0.06850  -0.23635   0.27352  -0.45120  -0.28466
   2    13     1   0.05223  -0.04112   0.03229  -0.02336   0.00747
   3    13     1   0.13897  -0.31578   0.03797  -0.28128  -0.15271
   1    14     1   0.00000  -0.41844  -0.15447   0.00000   0.18830
   2    14     1  -0.00000   0.02629  -0.00348   0.00000   0.05993
   3    14     1  -0.02273  -0.00000  -0.00000  -0.07264   0.00000
   1    15     1  -0.00000   0.25322   0.09763  -0.00000  -0.03919
   2    15     1  -0.00000   0.45079   0.13855  -0.00000  -0.08035
   3    15     1   0.27478   0.00000  -0.00000   0.00559   0.00000
                               11        12        13        14        15
                               A"        A'        A'        A"        A'
        Frequencies ---  908.3104  918.4362  926.7660  953.1952  967.7494
     Reduced masses ---    3.8604    2.6861    2.6866    3.0714    1.4570
    Force constants ---    1.8765    1.3350    1.3595    1.6442    0.8040
     IR Intensities ---    0.0000    0.0000    0.0000    0.0000    0.0000
 Coord Atom Element:
   1     1     6   0.01352  -0.07123   0.07083  -0.09832   0.07500
   2     1     6   0.03422  -0.01594  -0.04775   0.10716   0.03503
   3     1     6   0.05497  -0.07319  -0.04528  -0.10196  -0.03256
   1     2     6   0.10803  -0.07460   0.08791  -0.03261  -0.07965
   2     2     6   0.04230  -0.10825  -0.05052  -0.03109   0.01340
   3     2     6   0.23256  -0.03146   0.14155   0.01070   0.03152
   1     3     6   0.03268   0.01275  -0.12893   0.08071   0.02805
   2     3     6  -0.11029   0.03083   0.11709  -0.18721  -0.02922
   3     3     6  -0.14237  -0.00705   0.06801  -0.02449  -0.02299
   1     4     6  -0.03268   0.01275  -0.12893  -0.08071   0.02805
   2     4     6   0.11029   0.03083   0.11709   0.18721  -0.02922
   3     4     6  -0.14237   0.00705  -0.06801  -0.02449   0.02299
   1     5     6  -0.10803  -0.07460   0.08791   0.03261  -0.07965
   2     5     6  -0.04230  -0.10825  -0.05052   0.03109   0.01340
   3     5     6   0.23256   0.03146  -0.14155   0.01070  -0.03152
   1     6     6  -0.01352  -0.07123   0.07083   0.09832   0.07500
   2     6     6  -0.03422  -0.01594  -0.04775  -0.10716   0.03503
   3     6     6   0.05497   0.07319   0.04528  -0.10196   0.03256
   1     7     6   0.00000   0.19718  -0.05836  -0.00000  -0.04154
   2     7     6   0.00000   0.23143   0.00880   0.00000  -0.06277
   3     7     6  -0.22060   0.00000  -0.00000   0.18981   0.00000
   1     8     1   0.16125  -0.13329  -0.35958   0.02362  -0.32757
   2     8     1  -0.15048  -0.11850  -0.27004   0.09700   0.04664
   3     8     1  -0.26635  -0.15440   0.06361  -0.22840   0.31463
   1     9     1  -0.05081   0.36684   0.11608  -0.00146   0.40795
   2     9     1   0.20971  -0.15901  -0.14046  -0.05055   0.12307
   3     9     1   0.25930  -0.24511   0.16557  -0.00825  -0.25822
   1    10     1  -0.14944  -0.08335   0.21351   0.10366  -0.04149
   2    10     1  -0.14983  -0.05454   0.23382  -0.29773  -0.02866
   3    10     1  -0.18850   0.07886   0.11260   0.18885  -0.07605
   1    11     1   0.14944  -0.08335   0.21351  -0.10366  -0.04149
   2    11     1   0.14983  -0.05454   0.23382   0.29773  -0.02866
   3    11     1  -0.18850  -0.07886  -0.11260   0.18885   0.07605
   1    12     1   0.05081   0.36684   0.11608   0.00146   0.40794
   2    12     1  -0.20971  -0.15901  -0.14046   0.05055   0.12307
   3    12     1   0.25930   0.24511  -0.16557  -0.00825   0.25822
   1    13     1  -0.16125  -0.13329  -0.35958  -0.02362  -0.32757
   2    13     1   0.15048  -0.11850  -0.27004  -0.09700   0.04664
   3    13     1  -0.26635   0.15440  -0.06361  -0.22840  -0.31463
   1    14     1   0.00000   0.45004   0.17992   0.00000  -0.14718
   2    14     1   0.00000   0.22021  -0.00705   0.00000  -0.05661
   3    14     1  -0.12819   0.00000  -0.00000   0.64053   0.00000
   1    15     1   0.00000   0.07081  -0.13479  -0.00000   0.00678
   2    15     1  -0.00000  -0.08846  -0.19247  -0.00000   0.06439
   3    15     1  -0.31093   0.00000   0.00000  -0.04867   0.00000
                               16        17        18        19        20
                               A"        A"        A"        A'        A'
        Frequencies ---  973.9899  975.9938 1054.4368 1068.0099 1265.8225
     Reduced masses ---    1.2372    1.3191    2.2363    2.3558    1.2178
    Force constants ---    0.6915    0.7403    1.4649    1.5832    1.1497
     IR Intensities ---    0.0000    0.0000    0.0000    0.0000    0.0000
 Coord Atom Element:
   1     1     6  -0.03321   0.03762  -0.05468  -0.11319  -0.01140
   2     1     6  -0.00664   0.01296  -0.05618   0.06270  -0.04615
   3     1     6   0.03779  -0.02592  -0.07384  -0.10791  -0.02347
   1     2     6   0.03937  -0.02749   0.07981   0.04784   0.00610
   2     2     6   0.01774  -0.00593  -0.05700   0.01933   0.04136
   3     2     6  -0.05139   0.05370   0.06762   0.06050   0.01190
   1     3     6  -0.04650  -0.07176  -0.07277  -0.02614   0.00589
   2     3     6  -0.02812  -0.05200   0.09133  -0.02272   0.00894
   3     3     6   0.01796  -0.01610  -0.06179   0.02892  -0.05743
   1     4     6   0.04650   0.07176   0.07277  -0.02614   0.00589
   2     4     6   0.02812   0.05200  -0.09133  -0.02272   0.00894
   3     4     6   0.01796  -0.01610  -0.06179  -0.02892   0.05743
   1     5     6  -0.03937   0.02749  -0.07981   0.04784   0.00610
   2     5     6  -0.01774   0.00593   0.05700   0.01933   0.04136
   3     5     6  -0.05139   0.05370   0.06762  -0.06050  -0.01190
   1     6     6   0.03321  -0.03762   0.05468  -0.11319  -0.01140
   2     6     6   0.00664  -0.01296   0.05618   0.06270  -0.04615
   3     6     6   0.03779  -0.02592  -0.07384   0.10791   0.02347
   1     7     6  -0.00000   0.00000  -0.00000   0.17124   0.04587
   2     7     6  -0.00000   0.00000   0.00000  -0.14077  -0.02783
   3     7     6  -0.01242  -0.01531   0.15897   0.00000   0.00000
   1     8     1   0.29541  -0.25066  -0.09973  -0.07670  -0.14951
   2     8     1   0.05739  -0.05761  -0.22403   0.14103  -0.37334
   3     8     1  -0.16265   0.13280  -0.22840  -0.05273  -0.28195
   1     9     1  -0.38892   0.25803  -0.02370   0.11417  -0.07603
   2     9     1  -0.01737   0.06428  -0.28340  -0.26721   0.37629
   3     9     1   0.18042  -0.11783   0.20165   0.12334  -0.06277
   1    10     1   0.40872   0.52355  -0.07499   0.06369  -0.06598
   2    10     1   0.14392   0.19898   0.23392   0.07616   0.10349
   3    10     1   0.01918  -0.06038  -0.31578  -0.08415  -0.27848
   1    11     1  -0.40872  -0.52355   0.07499   0.06369  -0.06598
   2    11     1  -0.14392  -0.19898  -0.23392   0.07616   0.10349
   3    11     1   0.01918  -0.06038  -0.31578   0.08415   0.27848
   1    12     1   0.38892  -0.25803   0.02370   0.11417  -0.07603
   2    12     1   0.01737  -0.06428   0.28340  -0.26721   0.37629
   3    12     1   0.18042  -0.11783   0.20165  -0.12334   0.06277
   1    13     1  -0.29541   0.25066   0.09973  -0.07670  -0.14951
   2    13     1  -0.05739   0.05761   0.22403   0.14103  -0.37334
   3    13     1  -0.16265   0.13280  -0.22840   0.05273   0.28195
   1    14     1  -0.00000   0.00000   0.00000  -0.45559  -0.05108
   2    14     1  -0.00000   0.00000   0.00000  -0.09988  -0.02401
   3    14     1  -0.02433   0.00789   0.29439   0.00000   0.00000
   1    15     1   0.00000  -0.00000  -0.00000   0.39304   0.07396
   2    15     1   0.00000  -0.00000  -0.00000   0.46376   0.04367
   3    15     1  -0.00538  -0.01283   0.11738   0.00000  -0.00000
                               21        22        23        24        25
                               A"        A'        A"        A"        A"
        Frequencies --- 1267.5811 1307.1060 1326.9812 1351.1449 1442.8455
     Reduced masses ---    1.1018    1.0904    1.1959    1.2927    1.2744
    Force constants ---    1.0431    1.0976    1.2407    1.3904    1.5631
     IR Intensities ---    0.0000    0.0000    0.0000    0.0000    0.0000
 Coord Atom Element:
   1     1     6   0.02664  -0.01224  -0.04724  -0.01693  -0.02973
   2     1     6  -0.03328   0.01817  -0.01212   0.01024  -0.05293
   3     1     6   0.01645  -0.01146  -0.04381   0.02767  -0.05718
   1     2     6  -0.01476  -0.00683   0.00498  -0.00248   0.02677
   2     2     6   0.01244   0.01230   0.04891  -0.01851  -0.04690
   3     2     6  -0.02382   0.01568   0.01664  -0.00852   0.02497
   1     3     6   0.00347   0.00931   0.00729  -0.00196   0.01399
   2     3     6   0.02799  -0.00938  -0.01205   0.00815  -0.01286
   3     3     6   0.02076   0.04275   0.01067  -0.00048   0.03563
   1     4     6  -0.00347   0.00931  -0.00729   0.00196  -0.01399
   2     4     6  -0.02799  -0.00938   0.01205  -0.00815   0.01286
   3     4     6   0.02076  -0.04275   0.01067  -0.00048   0.03563
   1     5     6   0.01476  -0.00683  -0.00498   0.00248  -0.02677
   2     5     6  -0.01244   0.01230  -0.04891   0.01851   0.04690
   3     5     6  -0.02382  -0.01568   0.01664  -0.00852   0.02497
   1     6     6  -0.02664  -0.01224   0.04724   0.01693   0.02973
   2     6     6   0.03328   0.01817   0.01212  -0.01024   0.05293
   3     6     6   0.01645   0.01146  -0.04381   0.02767  -0.05718
   1     7     6  -0.00000   0.01908   0.00000   0.00000  -0.00000
   2     7     6   0.00000  -0.03211  -0.00000   0.00000  -0.00000
   3     7     6   0.00663   0.00000   0.05000  -0.15039  -0.00037
   1     8     1  -0.12585  -0.06584  -0.08794  -0.01363   0.11913
   2     8     1  -0.36545  -0.10827  -0.13598  -0.01820   0.31006
   3     8     1  -0.23702  -0.11433  -0.15666  -0.00759   0.23881
   1     9     1  -0.10229  -0.04108  -0.04176   0.02873  -0.10482
   2     9     1   0.37086   0.28666   0.28712  -0.03421   0.43878
   3     9     1  -0.10355  -0.06229  -0.04342  -0.01857  -0.07980
   1    10     1   0.01436   0.11023   0.00722  -0.00257  -0.06391
   2    10     1  -0.00818  -0.25100  -0.03461   0.00358   0.12995
   3    10     1   0.09412   0.54752   0.05317   0.00654  -0.26704
   1    11     1  -0.01436   0.11023  -0.00722   0.00257   0.06391
   2    11     1   0.00818  -0.25100   0.03461  -0.00358  -0.12995
   3    11     1   0.09412  -0.54752   0.05317   0.00654  -0.26704
   1    12     1   0.10229  -0.04108   0.04176  -0.02873   0.10482
   2    12     1  -0.37086   0.28666  -0.28712   0.03421  -0.43878
   3    12     1  -0.10355   0.06229  -0.04342  -0.01857  -0.07980
   1    13     1   0.12585  -0.06584   0.08794   0.01363  -0.11913
   2    13     1   0.36545  -0.10827   0.13598   0.01820  -0.31006
   3    13     1  -0.23702   0.11433  -0.15666  -0.00759   0.23881
   1    14     1   0.00000  -0.05224  -0.00000   0.00000   0.00000
   2    14     1   0.00000  -0.02777  -0.00000  -0.00000  -0.00000
   3    14     1   0.39406   0.00000  -0.54452   0.62724   0.18576
   1    15     1  -0.00000   0.05090   0.00000   0.00000  -0.00000
   2    15     1  -0.00000   0.05302   0.00000   0.00000  -0.00000
   3    15     1  -0.29885  -0.00000   0.63605   0.75809  -0.04694
                               26        27        28        29        30
                               A'        A"        A'        A'        A"
        Frequencies --- 1469.3393 1506.8695 1548.8901 1559.8316 1637.6737
     Reduced masses ---    1.4643    1.5300    5.9724    1.1006    4.8979
    Force constants ---    1.8626    2.0469    8.4419    1.5778    7.7396
     IR Intensities ---    0.0000    0.0000    0.0000    0.0000    0.0000
 Coord Atom Element:
   1     1     6  -0.03888  -0.01752  -0.03351  -0.00184  -0.01578
   2     1     6  -0.03343  -0.02218  -0.20366   0.01257  -0.26702
   3     1     6  -0.07192  -0.03297  -0.05982   0.01085  -0.07925
   1     2     6   0.04276   0.02531  -0.03261  -0.00080  -0.03416
   2     2     6  -0.08211  -0.03313   0.18770  -0.01472   0.30521
   3     2     6   0.04936   0.04973  -0.03158  -0.00420   0.02230
   1     3     6  -0.00663  -0.04474   0.04639   0.00020   0.00940
   2     3     6   0.02517   0.09483  -0.06027   0.00311  -0.06484
   3     3     6  -0.03003  -0.08159   0.36655  -0.00293   0.00283
   1     4     6  -0.00663   0.04474   0.04639   0.00020  -0.00940
   2     4     6   0.02517  -0.09483  -0.06027   0.00311   0.06484
   3     4     6   0.03003  -0.08159  -0.36655   0.00293   0.00283
   1     5     6   0.04276  -0.02531  -0.03261  -0.00080   0.03416
   2     5     6  -0.08211   0.03313   0.18770  -0.01472  -0.30521
   3     5     6  -0.04936   0.04973   0.03158   0.00420   0.02230
   1     6     6  -0.03888   0.01752  -0.03351  -0.00184   0.01578
   2     6     6  -0.03343   0.02218  -0.20366   0.01257   0.26702
   3     6     6   0.07192  -0.03297   0.05982  -0.01085  -0.07925
   1     7     6   0.00066  -0.00000   0.02398  -0.07042  -0.00000
   2     7     6   0.02735   0.00000   0.06201  -0.04916   0.00000
   3     7     6   0.00000   0.00329   0.00000  -0.00000   0.00007
   1     8     1   0.14354   0.07615   0.05293  -0.00954   0.13762
   2     8     1   0.38645   0.18189   0.09736  -0.02253   0.04044
   3     8     1   0.25513   0.12982   0.24295  -0.02323   0.21118
   1     9     1  -0.12862  -0.02240   0.08224  -0.00366   0.18332
   2     9     1   0.46687   0.13799   0.17727  -0.00362  -0.27548
   3     9     1  -0.05618   0.02305  -0.06876  -0.00866   0.14668
   1    10     1  -0.01405   0.13003  -0.18663  -0.00477   0.01729
   2    10     1   0.03899  -0.20572   0.20504   0.00717  -0.10699
   3    10     1  -0.04932   0.58258  -0.20999  -0.01312   0.08452
   1    11     1  -0.01405  -0.13003  -0.18663  -0.00477  -0.01729
   2    11     1   0.03899   0.20572   0.20504   0.00717   0.10699
   3    11     1   0.04932   0.58258   0.20999   0.01312   0.08452
   1    12     1  -0.12862   0.02240   0.08224  -0.00366  -0.18332
   2    12     1   0.46687  -0.13799   0.17727  -0.00362   0.27548
   3    12     1   0.05618   0.02305   0.06876   0.00866   0.14668
   1    13     1   0.14354  -0.07615   0.05293  -0.00954  -0.13762
   2    13     1   0.38645  -0.18189   0.09736  -0.02253  -0.04044
   3    13     1  -0.25513   0.12982  -0.24295   0.02323   0.21118
   1    14     1   0.06085   0.00000   0.26564   0.70244   0.00000
   2    14     1   0.02964  -0.00000   0.05384  -0.06161   0.00000
   3    14     1   0.00000   0.05592  -0.00000  -0.00000   0.46111
   1    15     1  -0.00474   0.00000   0.02160   0.23030   0.00000
   2    15     1   0.01229   0.00000   0.06356   0.66207   0.00000
   3    15     1  -0.00000  -0.02214  -0.00000   0.00000  -0.05782
                               31        32        33        34        35
                               A'        A'        A'        A"        A'
        Frequencies --- 1644.2190 3069.1635 3146.2346 3152.1006 3163.4470
     Reduced masses ---    3.7107    1.0621    1.0963    1.0837    1.0865
    Force constants ---    5.9105    5.8948    6.3939    6.3437    6.4063
     IR Intensities ---    0.0000    0.0000    0.0000    0.0000    0.0000
 Coord Atom Element:
   1     1     6  -0.02238  -0.00039  -0.00684  -0.00360   0.00780
   2     1     6  -0.18771  -0.00000   0.01079   0.00500  -0.00932
   3     1     6  -0.06980   0.00027  -0.00854  -0.00446   0.00978
   1     2     6  -0.00831   0.00009   0.00304   0.01045  -0.02147
   2     2     6   0.19694   0.00033   0.00184   0.00813  -0.01646
   3     2     6   0.05777  -0.00048   0.00627   0.02085  -0.04253
   1     3     6  -0.01674  -0.00035   0.00101   0.01669  -0.00746
   2     3     6  -0.00395  -0.00004  -0.00231  -0.04365   0.01973
   3     3     6  -0.19693   0.00071  -0.00162  -0.02444   0.01282
   1     4     6  -0.01674  -0.00035   0.00101  -0.01669  -0.00746
   2     4     6  -0.00395  -0.00004  -0.00231   0.04365   0.01973
   3     4     6   0.19693  -0.00071   0.00162  -0.02444  -0.01282
   1     5     6  -0.00831   0.00009   0.00304  -0.01045  -0.02147
   2     5     6   0.19694   0.00033   0.00184  -0.00813  -0.01646
   3     5     6  -0.05777   0.00048  -0.00627   0.02085   0.04253
   1     6     6  -0.02238  -0.00039  -0.00684   0.00360   0.00780
   2     6     6  -0.18771  -0.00000   0.01079  -0.00500  -0.00932
   3     6     6   0.06980  -0.00027   0.00854  -0.00446  -0.00978
   1     7     6   0.00173  -0.07020   0.02309   0.00000   0.00598
   2     7     6   0.04624  -0.00316  -0.08320  -0.00000  -0.01837
   3     7     6   0.00000  -0.00000   0.00000  -0.00023  -0.00000
   1     8     1   0.12730  -0.00463   0.09145   0.04619  -0.09383
   2     8     1   0.11038   0.00274  -0.12833  -0.06394   0.12832
   3     8     1   0.19355  -0.00036   0.10772   0.05481  -0.11314
   1     9     1   0.15805   0.00264  -0.03881  -0.12799   0.25871
   2     9     1  -0.26312   0.00130  -0.02645  -0.09080   0.17977
   3     9     1   0.16006   0.00547  -0.07555  -0.25118   0.50552
   1    10     1   0.15455   0.00233  -0.01125  -0.19849   0.08805
   2    10     1  -0.23607  -0.00422   0.02959   0.52356  -0.23624
   3    10     1   0.29242  -0.00240   0.01678   0.29342  -0.13538
   1    11     1   0.15455   0.00233  -0.01125   0.19849   0.08805
   2    11     1  -0.23607  -0.00422   0.02959  -0.52356  -0.23624
   3    11     1  -0.29242   0.00240  -0.01678   0.29342   0.13538
   1    12     1   0.15805   0.00264  -0.03881   0.12799   0.25871
   2    12     1  -0.26312   0.00130  -0.02645   0.09080   0.17977
   3    12     1  -0.16006  -0.00547   0.07555  -0.25118  -0.50552
   1    13     1   0.12730  -0.00463   0.09145  -0.04619  -0.09383
   2    13     1   0.11038   0.00274  -0.12833   0.06394   0.12832
   3    13     1  -0.19355   0.00036  -0.10772   0.05481   0.11314
   1    14     1   0.21659  -0.00109   0.03603   0.00000   0.00806
   2    14     1   0.03889   0.38204   0.88309   0.00000   0.18873
   3    14     1  -0.00000   0.00000  -0.00000   0.00005   0.00000
   1    15     1   0.01239   0.85188  -0.32707  -0.00000  -0.08191
   2    15     1   0.06255  -0.35102   0.11212   0.00000   0.03034
   3    15     1   0.00000   0.00000   0.00000   0.00027  -0.00000
                               36        37        38        39
                               A"        A'        A"        A'
        Frequencies --- 3167.8923 3181.4390 3196.8387 3202.1559
     Reduced masses ---    1.0853    1.0923    1.0952    1.0967
    Force constants ---    6.4174    6.5140    6.5943    6.6253
     IR Intensities ---    0.0000    0.0000    0.0000    0.0000
 Coord Atom Element:
   1     1     6   0.01211   0.00951   0.02564   0.02485
   2     1     6  -0.01581  -0.01277  -0.03933  -0.03796
   3     1     6   0.01465   0.01142   0.03000   0.02969
   1     2     6  -0.02046  -0.00827   0.01179   0.01126
   2     2     6  -0.01424  -0.00398   0.01181   0.01119
   3     2     6  -0.04012  -0.01582   0.02380   0.02292
   1     3     6   0.00856   0.01686  -0.00168  -0.00382
   2     3     6  -0.02201  -0.04471   0.00415   0.01046
   3     3     6  -0.01123  -0.02849   0.00126   0.00576
   1     4     6  -0.00856   0.01686   0.00168  -0.00382
   2     4     6   0.02201  -0.04471  -0.00415   0.01046
   3     4     6  -0.01123   0.02849   0.00126  -0.00576
   1     5     6   0.02046  -0.00827  -0.01179   0.01126
   2     5     6   0.01424  -0.00398  -0.01181   0.01119
   3     5     6  -0.04012   0.01582   0.02380  -0.02292
   1     6     6  -0.01211   0.00951  -0.02564   0.02485
   2     6     6   0.01581  -0.01277   0.03933  -0.03796
   3     6     6   0.01465  -0.01142   0.03000  -0.02969
   1     7     6   0.00000   0.00165  -0.00000   0.00383
   2     7     6   0.00000  -0.00757   0.00000  -0.01781
   3     7     6  -0.00007   0.00000  -0.00181  -0.00000
   1     8     1  -0.14574  -0.11154  -0.30065  -0.28976
   2     8     1   0.20036   0.15381   0.41942   0.40416
   3     8     1  -0.17469  -0.13518  -0.36038  -0.34918
   1     9     1   0.24288   0.09330  -0.13490  -0.12890
   2     9     1   0.16558   0.05936  -0.09574  -0.09098
   3     9     1   0.47340   0.18068  -0.26421  -0.25243
   1    10     1  -0.09694  -0.19525   0.01618   0.04258
   2    10     1   0.25554   0.51941  -0.04412  -0.11487
   3    10     1   0.13915   0.29229  -0.02107  -0.06215
   1    11     1   0.09694  -0.19525  -0.01618   0.04258
   2    11     1  -0.25554   0.51941   0.04412  -0.11487
   3    11     1   0.13915  -0.29229  -0.02107   0.06215
   1    12     1  -0.24288   0.09330   0.13490  -0.12890
   2    12     1  -0.16558   0.05936   0.09574  -0.09098
   3    12     1   0.47340  -0.18068  -0.26421   0.25242
   1    13     1   0.14574  -0.11154   0.30065  -0.28976
   2    13     1  -0.20036   0.15381  -0.41942   0.40416
   3    13     1  -0.17469   0.13518  -0.36038   0.34918
   1    14     1  -0.00000   0.00357  -0.00000   0.00972
   2    14     1  -0.00000   0.07925  -0.00000   0.18080
   3    14     1   0.00035  -0.00000   0.00554   0.00000
   1    15     1  -0.00000  -0.02740   0.00000  -0.07188
   2    15     1   0.00000   0.00932  -0.00000   0.02326
   3    15     1  -0.00114  -0.00000  -0.00400  -0.00000
