10 0 CH3COCH3
 1 2 1.0 5 1.0 6 1.0 7 1.0
 2 3 1.0 4 1.0
 3
 4 8 1.0 9 1.0 10 1.0
 5
 6
 7
 8
 9
 10
      1          6           0        0.000000    1.290616   -0.635718
      2          6           0       -0.000000   -0.000000    0.188561
      3          8           0       -0.000000   -0.000000    1.440347
      4          6           0       -0.000000   -1.290616   -0.635718
      5          1           0        0.887340    1.326520   -1.278250
      6          1           0        0.000000    2.145920    0.043739
      7          1           0       -0.887340    1.326520   -1.278250
      8          1           0       -0.887340   -1.326520   -1.278250
      9          1           0        0.887340   -1.326520   -1.278250
     10          1           0       -0.000000   -2.145920    0.043739
                                1         2         3         4         5
                               A2        B1        A1        B1        B2
        Frequencies ---  117.6669  170.4195  383.0548  507.9145  513.1967
     Reduced masses ---    1.0215    1.1106    2.1799    2.2338    3.5507
    Force constants ---    0.0083    0.0190    0.1885    0.3395    0.5510
     IR Intensities ---    0.0000    0.0000    0.0000    0.0000    0.0000
 Coord Atom Element:
   1     1     6  -0.02490   0.03325  -0.00000  -0.02691  -0.00000
   2     1     6  -0.00000  -0.00000   0.15292   0.00000  -0.11890
   3     1     6   0.00000   0.00000   0.09914  -0.00000   0.16627
   1     2     6  -0.00000   0.01929  -0.00000   0.30590   0.00000
   2     2     6  -0.00000  -0.00000   0.00000   0.00000  -0.14084
   3     2     6  -0.00000  -0.00000  -0.13065  -0.00000  -0.00000
   1     3     8  -0.00000  -0.07043   0.00000  -0.11005  -0.00000
   2     3     8   0.00000   0.00000  -0.00000  -0.00000   0.30632
   3     3     8  -0.00000  -0.00000  -0.13025   0.00000  -0.00000
   1     4     6   0.02490   0.03325   0.00000  -0.02691   0.00000
   2     4     6  -0.00000  -0.00000  -0.15292   0.00000  -0.11890
   3     4     6  -0.00000  -0.00000   0.09914   0.00000  -0.16627
   1     5     1  -0.24901  -0.18497   0.00623  -0.16846   0.00699
   2     5     1  -0.16157  -0.18061   0.36316   0.35416   0.08200
   3     5     1  -0.31534  -0.30645   0.12117  -0.16493   0.19060
   1     6     1   0.35253   0.41802   0.00000  -0.29053  -0.00000
   2     6     1  -0.00000  -0.00000  -0.07479   0.00000  -0.34051
   3     6     1   0.00000   0.00000   0.38853  -0.00000   0.44636
   1     7     1  -0.24901  -0.18497  -0.00623  -0.16846  -0.00699
   2     7     1   0.16157   0.18061   0.36316  -0.35416   0.08200
   3     7     1   0.31534   0.30645   0.12117   0.16493   0.19060
   1     8     1   0.24901  -0.18497  -0.00623  -0.16846   0.00699
   2     8     1   0.16157  -0.18061  -0.36316   0.35416   0.08200
   3     8     1  -0.31534   0.30645   0.12117   0.16493  -0.19060
   1     9     1   0.24901  -0.18497   0.00623  -0.16846  -0.00699
   2     9     1  -0.16157   0.18061  -0.36316  -0.35416   0.08200
   3     9     1   0.31534  -0.30645   0.12117  -0.16493  -0.19060
   1    10     1  -0.35253   0.41802  -0.00000  -0.29053  -0.00000
   2    10     1   0.00000   0.00000   0.07479   0.00000  -0.34051
   3    10     1   0.00000   0.00000   0.38853   0.00000  -0.44636
                                6         7         8         9        10
                               A1        B2        A2        A1        B1
        Frequencies ---  753.3955  915.9481  967.1380 1119.2480 1177.8616
     Reduced masses ---    4.1596    1.7781    1.2013    1.6002    1.8014
    Force constants ---    1.3911    0.8789    0.6620    1.1811    1.4725
     IR Intensities ---    0.0000    0.0000    0.0000    0.0000    0.0000
 Coord Atom Element:
   1     1     6   0.00000  -0.00000   0.09381   0.00000  -0.12123
   2     1     6   0.29263  -0.04820  -0.00000  -0.06688   0.00000
   3     1     6  -0.14967   0.14186   0.00000  -0.11161   0.00000
   1     2     6  -0.00000   0.00000   0.00000   0.00000   0.20360
   2     2     6  -0.00000   0.15740   0.00000   0.00000  -0.00000
   3     2     6   0.14272   0.00000  -0.00000   0.00552   0.00000
   1     3     8   0.00000  -0.00000  -0.00000  -0.00000  -0.03150
   2     3     8   0.00000   0.01731   0.00000   0.00000  -0.00000
   3     3     8   0.19206  -0.00000  -0.00000   0.12113  -0.00000
   1     4     6  -0.00000   0.00000  -0.09381  -0.00000  -0.12123
   2     4     6  -0.29263  -0.04820  -0.00000   0.06688  -0.00000
   3     4     6  -0.14967  -0.14186  -0.00000  -0.11161   0.00000
   1     5     1   0.00474  -0.03967  -0.12235   0.05570   0.11566
   2     5     1   0.18294  -0.38768   0.37782   0.30204  -0.32803
   3     5     1  -0.15126   0.06132  -0.25736  -0.00386   0.28254
   1     6     1  -0.00000   0.00000  -0.20807  -0.00000   0.24994
   2     6     1   0.40869   0.27482   0.00000  -0.41198   0.00000
   3     6     1  -0.28909  -0.27970  -0.00000   0.34249  -0.00000
   1     7     1  -0.00474   0.03967  -0.12235  -0.05570   0.11566
   2     7     1   0.18294  -0.38768  -0.37782   0.30204   0.32803
   3     7     1  -0.15126   0.06132   0.25736  -0.00386  -0.28254
   1     8     1  -0.00474  -0.03967   0.12235  -0.05570   0.11566
   2     8     1  -0.18294  -0.38768  -0.37782  -0.30204  -0.32803
   3     8     1  -0.15126  -0.06132  -0.25736  -0.00386  -0.28254
   1     9     1   0.00474   0.03967   0.12235   0.05570   0.11566
   2     9     1  -0.18294  -0.38768   0.37782  -0.30204   0.32803
   3     9     1  -0.15126  -0.06132   0.25736  -0.00386   0.28254
   1    10     1   0.00000  -0.00000   0.20807   0.00000   0.24994
   2    10     1  -0.40869   0.27482   0.00000   0.41198  -0.00000
   3    10     1  -0.28909   0.27970   0.00000   0.34249  -0.00000
                               11        12        13        14        15
                               B2        B2        A1        A1        B2
        Frequencies --- 1236.6086 1458.0536 1467.2297 1559.3208 1566.5359
     Reduced masses ---    3.1603    1.2123    1.2046    1.2218    1.0455
    Force constants ---    2.8474    1.5185    1.5279    1.7503    1.5116
     IR Intensities ---    0.0000    0.0000    0.0000    0.0000    0.0000
 Coord Atom Element:
   1     1     6  -0.00000  -0.00000  -0.00000   0.00000   0.00000
   2     1     6  -0.14172  -0.08322  -0.07839  -0.02712  -0.01835
   3     1     6  -0.04654   0.04866   0.05075  -0.04228  -0.03386
   1     2     6  -0.00000   0.00000   0.00000  -0.00000  -0.00000
   2     2     6   0.38157   0.00362  -0.00000   0.00000  -0.02046
   3     2     6  -0.00000   0.00000  -0.01680   0.08905   0.00000
   1     3     8   0.00000  -0.00000  -0.00000   0.00000   0.00000
   2     3     8  -0.06478   0.00091   0.00000  -0.00000   0.00550
   3     3     8   0.00000  -0.00000   0.01155  -0.06900  -0.00000
   1     4     6   0.00000   0.00000   0.00000  -0.00000  -0.00000
   2     4     6  -0.14172  -0.08322   0.07839   0.02712  -0.01835
   3     4     6   0.04654  -0.04866   0.05075  -0.04228   0.03386
   1     5     1   0.07279  -0.12597  -0.13634   0.26832   0.27279
   2     5     1   0.18240   0.36612   0.35828   0.12841   0.07567
   3     5     1   0.09492  -0.12153  -0.13489   0.36004   0.36762
   1     6     1   0.00000   0.00000   0.00000  -0.00000  -0.00000
   2     6     1  -0.43496   0.22985   0.23338   0.12342   0.14527
   3     6     1   0.34425  -0.32941  -0.32605  -0.19919  -0.21590
   1     7     1  -0.07279   0.12597   0.13634  -0.26832  -0.27279
   2     7     1   0.18240   0.36612   0.35828   0.12841   0.07567
   3     7     1   0.09492  -0.12153  -0.13489   0.36004   0.36762
   1     8     1   0.07279  -0.12597   0.13634  -0.26832   0.27279
   2     8     1   0.18240   0.36612  -0.35828  -0.12841   0.07567
   3     8     1  -0.09492   0.12153  -0.13489   0.36004  -0.36762
   1     9     1  -0.07279   0.12597  -0.13634   0.26832  -0.27279
   2     9     1   0.18240   0.36612  -0.35828  -0.12841   0.07567
   3     9     1  -0.09492   0.12153  -0.13489   0.36004  -0.36762
   1    10     1  -0.00000  -0.00000  -0.00000   0.00000   0.00000
   2    10     1  -0.43496   0.22985  -0.23338  -0.12342   0.14527
   3    10     1  -0.34425   0.32941  -0.32605  -0.19919   0.21590
                               16        17        18        19        20
                               A2        B1        A1        B2        A1
        Frequencies --- 1572.7115 1591.9115 1672.6578 3084.3200 3088.6484
     Reduced masses ---    1.0540    1.0454    3.9743    1.0333    1.0328
    Force constants ---    1.5360    1.5609    6.5513    5.7916    5.8052
     IR Intensities ---    0.0000    0.0000    0.0000    0.0000    0.0000
 Coord Atom Element:
   1     1     6  -0.04585  -0.03689   0.00000  -0.00000  -0.00000
   2     1     6  -0.00000  -0.00000   0.00108  -0.02207  -0.02253
   3     1     6  -0.00000   0.00000  -0.01991   0.02591   0.02510
   1     2     6  -0.00000  -0.02641   0.00000  -0.00000  -0.00000
   2     2     6  -0.00000   0.00000   0.00000   0.00134   0.00000
   3     2     6   0.00000  -0.00000   0.43045   0.00000   0.00031
   1     3     8   0.00000   0.00084  -0.00000   0.00000   0.00000
   2     3     8   0.00000  -0.00000  -0.00000  -0.00002   0.00000
   3     3     8  -0.00000   0.00000  -0.24790  -0.00000  -0.00055
   1     4     6   0.04585  -0.03689  -0.00000   0.00000   0.00000
   2     4     6  -0.00000   0.00000  -0.00108  -0.02207   0.02253
   3     4     6   0.00000   0.00000  -0.01991  -0.02591   0.02510
   1     5     1   0.04790   0.03993  -0.20472   0.36803   0.36466
   2     5     1   0.30849   0.32753   0.09259   0.00800   0.00723
   3     5     1   0.11869   0.10115  -0.29923  -0.25451  -0.25246
   1     6     1   0.52422   0.50998  -0.00000  -0.00000  -0.00000
   2     6     1   0.00000  -0.00000  -0.19633   0.23897   0.24866
   3     6     1  -0.00000   0.00000   0.24007   0.20288   0.20857
   1     7     1   0.04790   0.03993   0.20472  -0.36803  -0.36466
   2     7     1  -0.30849  -0.32753   0.09259   0.00800   0.00723
   3     7     1  -0.11869  -0.10115  -0.29923  -0.25451  -0.25246
   1     8     1  -0.04790   0.03993   0.20472   0.36803  -0.36466
   2     8     1  -0.30849   0.32753  -0.09259   0.00800  -0.00723
   3     8     1   0.11869  -0.10115  -0.29923   0.25451  -0.25246
   1     9     1  -0.04790   0.03993  -0.20472  -0.36803   0.36466
   2     9     1   0.30849  -0.32753  -0.09259   0.00800  -0.00723
   3     9     1  -0.11869   0.10115  -0.29923   0.25451  -0.25246
   1    10     1  -0.52422   0.50998   0.00000   0.00000   0.00000
   2    10     1   0.00000  -0.00000   0.19633   0.23897  -0.24866
   3    10     1   0.00000  -0.00000   0.24007  -0.20288   0.20857
                               21        22        23        24
                               A2        B1        B2        A1
        Frequencies --- 3150.3398 3157.0127 3191.4744 3192.6748
     Reduced masses ---    1.0986    1.0989    1.0999    1.1002
    Force constants ---    6.4238    6.4531    6.6007    6.6072
     IR Intensities ---    0.0000    0.0000    0.0000    0.0000
 Coord Atom Element:
   1     1     6  -0.06425  -0.06437  -0.00000  -0.00000
   2     1     6   0.00000   0.00000  -0.03880  -0.03872
   3     1     6   0.00000   0.00000  -0.05178  -0.05190
   1     2     6  -0.00000  -0.00096   0.00000  -0.00000
   2     2     6  -0.00000  -0.00000  -0.00145  -0.00000
   3     2     6   0.00000   0.00000   0.00000  -0.00365
   1     3     8  -0.00000  -0.00048  -0.00000  -0.00000
   2     3     8   0.00000   0.00000   0.00036   0.00000
   3     3     8  -0.00000  -0.00000  -0.00000   0.00104
   1     4     6   0.06425  -0.06437   0.00000   0.00000
   2     4     6   0.00000   0.00000  -0.03880   0.03872
   3     4     6  -0.00000  -0.00000   0.05178  -0.05190
   1     5     1   0.39657   0.39645  -0.18206  -0.18894
   2     5     1   0.01343   0.01436  -0.01474  -0.01633
   3     5     1  -0.30051  -0.30067   0.11536   0.12026
   1     6     1  -0.01911  -0.01699  -0.00000  -0.00000
   2     6     1  -0.00000  -0.00000   0.49730   0.49207
   3     6     1  -0.00000  -0.00000   0.39391   0.39091
   1     7     1   0.39657   0.39645   0.18206   0.18894
   2     7     1  -0.01343  -0.01436  -0.01474  -0.01633
   3     7     1   0.30051   0.30067   0.11536   0.12026
   1     8     1  -0.39657   0.39645  -0.18206   0.18894
   2     8     1  -0.01343   0.01436  -0.01474   0.01633
   3     8     1  -0.30051   0.30067  -0.11536   0.12026
   1     9     1  -0.39657   0.39645   0.18206  -0.18894
   2     9     1   0.01343  -0.01436  -0.01474   0.01633
   3     9     1   0.30051  -0.30067  -0.11536   0.12026
   1    10     1   0.01911  -0.01699   0.00000   0.00000
   2    10     1  -0.00000  -0.00000   0.49730  -0.49207
   3    10     1   0.00000   0.00000  -0.39391   0.39091
