6 0 CH3CN
 1 2 1.0 3 1.0 4 1.0 5 1.0
 2
 3
 4
 5 6 1.0
 6
      1          6           0        0.000000    0.000000   -1.196218
      2          1           0        0.000000    1.027032   -1.574195
      3          1           0       -0.889436   -0.513516   -1.574195
      4          1           0        0.889436   -0.513516   -1.574195
      5          6           0        0.000000    0.000000    0.276307
      6          7           0        0.000000    0.000000    1.463150
                                1         2         3         4         5
                                E         E        A1         E         E
        Frequencies ---  419.1099  419.1099  895.5348 1146.4196 1146.4196
     Reduced masses ---    4.0362    4.0362    5.5512    1.4113    1.4113
    Force constants ---    0.4177    0.4177    2.6230    1.0928    1.0928
     IR Intensities ---    0.0000    0.0000    0.0000    0.0000    0.0000
 Coord Atom Element:
   1     1     6  -0.08453   0.00059   0.00000   0.00251   0.15370
   2     1     6  -0.00059  -0.08453   0.00000  -0.15370   0.00251
   3     1     6   0.00000  -0.00000   0.48360   0.00000  -0.00000
   1     2     1  -0.30969   0.00217  -0.00000  -0.00564  -0.34572
   2     2     1  -0.00207  -0.29643  -0.01236   0.13196  -0.00215
   3     2     1  -0.00387  -0.55354   0.45027   0.71072  -0.01159
   1     3     1  -0.29970   0.00784   0.01070  -0.09558  -0.18389
   2     3     1   0.00360  -0.30641   0.00618   0.29379   0.08779
   3     3     1   0.48132   0.27341   0.45027  -0.34532   0.62130
   1     4     1  -0.29978  -0.00365  -0.01070   0.08954  -0.18691
   2     4     1  -0.00789  -0.30633   0.00618   0.29077  -0.09733
   3     4     1  -0.47744   0.28013   0.45027  -0.36540  -0.60971
   1     5     6   0.44517  -0.00312  -0.00000  -0.00184  -0.11290
   2     5     6   0.00312   0.44517   0.00000   0.11290  -0.00184
   3     5     6   0.00000   0.00000  -0.19152  -0.00000   0.00000
   1     6     7  -0.24362   0.00171   0.00000   0.00027   0.01661
   2     6     7  -0.00171  -0.24362  -0.00000  -0.01661   0.00027
   3     6     7  -0.00000   0.00000  -0.34752  -0.00000   0.00000
                                6         7         8         9        10
                               A1         E         E        A1        A1
        Frequencies --- 1512.3244 1584.4857 1584.4857 2157.0715 3100.7664
     Reduced masses ---    1.1840    1.0407    1.0407   12.0416    1.0325
    Force constants ---    1.5955    1.5394    1.5394   33.0114    5.8488
     IR Intensities ---    0.0000    0.0000    0.0000    0.0000    0.0000
 Coord Atom Element:
   1     1     6   0.00000   0.00163  -0.05109   0.00000   0.00000
   2     1     6   0.00000  -0.05109  -0.00163   0.00000   0.00000
   3     1     6  -0.12648  -0.00000  -0.00000  -0.11769   0.04731
   1     2     1  -0.00000  -0.02250   0.70461  -0.00000   0.00000
   2     2     1   0.22547  -0.16277  -0.00520  -0.01878   0.54507
   3     2     1   0.52646  -0.37553  -0.01199  -0.12985  -0.18838
   1     3     1  -0.19526  -0.37731   0.04209   0.01626  -0.47204
   2     3     1  -0.11273   0.49976  -0.36001   0.00939  -0.27253
   3     3     1   0.52646   0.17738   0.33121  -0.12985  -0.18838
   1     4     1   0.19526   0.37386   0.06607  -0.01626   0.47204
   2     4     1  -0.11273   0.47578   0.39116   0.00939  -0.27253
   3     4     1   0.52646   0.19815  -0.31922  -0.12985  -0.18838
   1     5     6   0.00000   0.00062  -0.01928  -0.00000   0.00000
   2     5     6  -0.00000  -0.01928  -0.00062  -0.00000   0.00000
   3     5     6   0.00000  -0.00000  -0.00000   0.79396   0.00154
   1     6     7  -0.00000  -0.00006   0.00180  -0.00000   0.00000
   2     6     7  -0.00000   0.00180   0.00006   0.00000   0.00000
   3     6     7  -0.00529  -0.00000  -0.00000  -0.55149  -0.00119
                               11        12
                                E         E
        Frequencies --- 3173.4739 3173.4739
     Reduced masses ---    1.0997    1.0997
    Force constants ---    6.5251    6.5251
     IR Intensities ---    0.0000    0.0000
 Coord Atom Element:
   1     1     6  -0.03719  -0.08351
   2     1     6  -0.08351   0.03719
   3     1     6   0.00000  -0.00000
   1     2     1  -0.01146  -0.02572
   2     2     1   0.69553  -0.30975
   3     2     1  -0.25933   0.11549
   1     3     1   0.54176   0.37613
   2     3     1   0.29368   0.24347
   3     3     1   0.22968   0.16684
   1     4     1  -0.08286   0.65431
   2     4     1   0.01550  -0.38116
   3     4     1   0.02965  -0.28233
   1     5     6  -0.00025  -0.00056
   2     5     6  -0.00056   0.00025
   3     5     6   0.00000  -0.00000
   1     6     7  -0.00012  -0.00027
   2     6     7  -0.00027   0.00012
   3     6     7  -0.00000   0.00000
