5 0 CH4
 1 2 1.0 3 1.0 4 1.0 5 1.0
 2
 3
 4
 5
      1          6           0        0.000000    0.000000    0.000000
      2          1           0        0.630759    0.630759    0.630759
      3          1           0       -0.630759   -0.630759    0.630759
      4          1           0       -0.630759    0.630759   -0.630759
      5          1           0        0.630759   -0.630759   -0.630759
                                1         2         3         4         5
                               T2        T2        T2         E         E
        Frequencies --- 1456.6822 1456.6822 1456.6822 1667.7945 1667.7945
     Reduced masses ---    1.1834    1.1834    1.1834    1.0078    1.0078
    Force constants ---    1.4795    1.4795    1.4795    1.6517    1.6517
     IR Intensities ---    0.0000    0.0000    0.0000    0.0000    0.0000
 Coord Atom Element:
   1     1     6   0.05257  -0.08780   0.07417   0.00000  -0.00000
   2     1     6   0.01166  -0.07706  -0.09949   0.00000  -0.00000
   3     1     6  -0.11434  -0.04822   0.02396   0.00000  -0.00000
   1     2     1  -0.34217   0.03477  -0.35738  -0.28472  -0.29258
   2     2     1  -0.14641  -0.01658   0.47360  -0.11102   0.39286
   3     2     1   0.45650  -0.15460  -0.11710   0.39574  -0.10028
   1     3     1   0.07138   0.20919  -0.44402   0.28472   0.29258
   2     3     1   0.26714   0.15783   0.38696   0.11102  -0.39286
   3     3     1   0.22421   0.44169  -0.02552   0.39574  -0.10028
   1     4     1  -0.38434   0.31351   0.00246   0.28472   0.29258
   2     4     1   0.07701   0.47538   0.11870  -0.11102   0.39286
   3     4     1   0.41434   0.12413   0.24274  -0.39574   0.10028
   1     5     1   0.02922   0.48792  -0.08418  -0.28472  -0.29258
   2     5     1  -0.33654   0.30097   0.20534   0.11102  -0.39286
   3     5     1   0.26637   0.16295  -0.38535  -0.39574   0.10028
                                6         7         8         9
                               A1        T2        T2        T2
        Frequencies --- 3086.4629 3194.6749 3194.6749 3194.6749
     Reduced masses ---    1.0078    1.0978    1.0978    1.0978
    Force constants ---    5.6566    6.6014    6.6014    6.6014
     IR Intensities ---    0.0000    0.0000    0.0000    0.0000
 Coord Atom Element:
   1     1     6  -0.00000  -0.06148  -0.00480   0.06622
   2     1     6  -0.00000  -0.05597   0.05230  -0.04816
   3     1     6  -0.00000  -0.03572  -0.07368  -0.03850
   1     2     1   0.28868   0.48308   0.08428   0.08653
   2     2     1   0.28868   0.48471   0.10119   0.05266
   3     2     1   0.28868   0.49070   0.06388   0.05552
   1     3     1  -0.28868   0.24927  -0.39803  -0.16550
   2     3     1  -0.28868   0.25090  -0.38112  -0.19938
   3     3     1   0.28868  -0.27805   0.37479   0.17371
   1     4     1  -0.28868   0.11673   0.42662  -0.22874
   2     4     1   0.28868  -0.15151  -0.41256   0.23409
   3     4     1  -0.28868   0.12435   0.40622  -0.25975
   1     5     1   0.28868  -0.11709  -0.05568  -0.48077
   2     5     1  -0.28868   0.08231   0.06975   0.48612
   3     5     1  -0.28868   0.08830   0.03244   0.48898
