5 0 CHCl3
 1 2 1.0 3 1.0 4 1.0 5 1.0
 2
 3
 4
 5
      1          6           0        0.000000    0.000000    0.498422
      2          1           0        0.000000    0.000000    1.579504
      3         17           0        0.000000    1.773351   -0.089609
      4         17           0        1.535767   -0.886676   -0.089609
      5         17           0       -1.535767   -0.886676   -0.089609
                                1         2         3         4         5
                                E         E        A1        A1         E
        Frequencies ---  237.2937  237.2937  322.7749  588.1975  699.2968
     Reduced masses ---   26.2271   26.2271   21.8108    7.9345    9.5298
    Force constants ---    0.8701    0.8701    1.3388    1.6174    2.7457
     IR Intensities ---    0.0000    0.0000    0.0000    0.0000    0.0000
 Coord Atom Element:
   1     1     6   0.12537   0.28939  -0.00000  -0.00000  -0.26441
   2     1     6   0.28939  -0.12537   0.00000  -0.00000   0.74015
   3     1     6  -0.00000  -0.00000  -0.48019   0.67557   0.00000
   1     2     1   0.17334   0.40011  -0.00000  -0.00000  -0.19363
   2     2     1   0.40011  -0.17334   0.00000  -0.00000   0.54202
   3     2     1  -0.00000  -0.00000  -0.48114   0.69812   0.00000
   1     3    17  -0.20858  -0.48146   0.00000   0.00000   0.00730
   2     3    17   0.40756  -0.17657   0.41924   0.10814  -0.15931
   3     3    17   0.02919  -0.01265   0.05955  -0.08398   0.06595
   1     4    17  -0.30468   0.35208   0.36307   0.09365   0.10465
   2     4    17  -0.42597  -0.27266  -0.20962  -0.05407  -0.07663
   3     4    17  -0.00364   0.03160   0.05955  -0.08398  -0.05338
   1     5    17   0.46524   0.01853  -0.36307  -0.09365  -0.01563
   2     5    17  -0.09243   0.49725  -0.20962  -0.05407  -0.03367
   3     5    17  -0.02555  -0.01896   0.05955  -0.08398  -0.01257
                                6         7         8         9
                                E         E         E        A1
        Frequencies ---  699.2968 1233.3922 1233.3922 3281.3261
     Reduced masses ---    9.5298    1.0731    1.0731    1.0888
    Force constants ---    2.7457    0.9618    0.9618    6.9068
     IR Intensities ---    0.0000    0.0000    0.0000    0.0000
 Coord Atom Element:
   1     1     6   0.74015  -0.06592   0.02635   0.00000
   2     1     6   0.26441  -0.02635  -0.06592  -0.00000
   3     1     6  -0.00000  -0.00000   0.00000  -0.08580
   1     2     1   0.54202   0.92608  -0.37020  -0.00000
   2     2     1   0.19363   0.37020   0.92608   0.00000
   3     2     1  -0.00000  -0.00000  -0.00000   0.99631
   1     3    17  -0.02043   0.00224  -0.00090  -0.00000
   2     3    17  -0.05691  -0.00198  -0.00495  -0.00029
   3     3    17   0.02356   0.00470   0.01175   0.00024
   1     4    17  -0.10311  -0.00191   0.00438  -0.00025
   2     4    17   0.04044   0.00329  -0.00080   0.00015
   3     4    17   0.04533   0.00783  -0.00994   0.00024
   1     5    17  -0.14607  -0.00440  -0.00185   0.00025
   2     5    17  -0.07984  -0.00294   0.00169   0.00015
   3     5    17  -0.06889  -0.01252  -0.00181   0.00024
