4 0 ClBr3
 1 2 1.0 3 1.0 4 1.0
 2
 3
 4
      1         17           0        0.000000   -0.000000    0.000466
      2         35           0       -0.000000    2.249735   -1.299800
      3         35           0        0.000000   -2.249735   -1.299800
      4         35           0        0.000000   -0.000000    2.599373
                                1         2         3         4         5
                               ?A        ?A        B1        A1        B2
        Frequencies ---   40.7447   40.7710  119.1907  148.6003  227.3482
     Reduced masses ---   70.7155   70.7285   37.6685   78.9181   39.8722
    Force constants ---    0.0692    0.0693    0.3153    1.0268    1.2142
     IR Intensities ---    0.0000    0.0000    0.0000    0.0000    0.0000
 Coord Atom Element:
   1     1    17   0.00000   0.00000   0.96880  -0.00000   0.00000
   2     1    17   0.00004  -0.43168  -0.00000  -0.00000   0.94257
   3     1    17   0.43202   0.00004  -0.00000  -0.00214  -0.00000
   1     2    35  -0.00000  -0.00000  -0.14306   0.00000  -0.00000
   2     2    35  -0.44771  -0.19464   0.00000   0.49952  -0.20590
   3     2    35  -0.32212   0.44772  -0.00000  -0.28863   0.11563
   1     3    35  -0.00000  -0.00000  -0.14306   0.00000  -0.00000
   2     3    35   0.44774  -0.19456   0.00000  -0.49952  -0.20590
   3     3    35  -0.32204  -0.44778   0.00000  -0.28863  -0.11563
   1     4    35  -0.00000  -0.00000  -0.14315   0.00000  -0.00000
   2     4    35  -0.00005   0.58047  -0.00000   0.00000  -0.00584
   3     4    35   0.45274   0.00004   0.00000   0.57822   0.00000
                                6
                               A1
        Frequencies ---  227.5224
     Reduced masses ---   39.8764
    Force constants ---    1.2162
     IR Intensities ---    0.0000
 Coord Atom Element:
   1     1    17   0.00000
   2     1    17   0.00000
   3     1    17   0.94252
   1     2    35  -0.00000
   2     2    35   0.11630
   3     2    35  -0.07279
   1     3    35  -0.00000
   2     3    35  -0.11630
   3     3    35  -0.07279
   1     4    35  -0.00000
   2     4    35  -0.00000
   3     4    35  -0.27206
