MOLECULE_DATA
NATOMS 4
ATOMS Cl Br Br Br
COORDINATES (Angstrom)
-0.000000 -0.000000 0.000454
0.000000 2.249743 -1.299793
-0.000000 -2.249743 -1.299793
-0.000000 -0.000000 2.599366
BONDS (AtomIndex1 AtomIndex2) [1-based]
1 2
1 3
1 4
NUM_MODES 6
MODE 1
FREQ 40.745000
VECTOR
0.00000 -0.00003 -0.43202
-0.00000 0.44771 0.32211
-0.00000 -0.44773 0.32205
-0.00000 0.00004 -0.45274
MODE 2
FREQ 40.770800
VECTOR
0.00000 -0.43168 0.00003
-0.00000 -0.19463 0.44773
-0.00000 -0.19457 -0.44777
-0.00000 0.58048 0.00003
MODE 3
FREQ 119.190700
VECTOR
0.96880 -0.00000 -0.00000
-0.14306 -0.00000 -0.00000
-0.14306 0.00000 -0.00000
-0.14315 -0.00000 0.00000
MODE 4
FREQ 148.600400
VECTOR
-0.00000 0.00000 0.00217
0.00000 -0.49952 0.28863
0.00000 0.49952 0.28863
0.00000 -0.00000 -0.57822
MODE 5
FREQ 227.350100
VECTOR
0.00000 0.94257 -0.00000
-0.00000 -0.20591 0.11563
-0.00000 -0.20590 -0.11563
-0.00000 -0.00584 0.00000
MODE 6
FREQ 227.520700
VECTOR
0.00000 0.00000 0.94252
-0.00000 0.11631 -0.07279
-0.00000 -0.11631 -0.07279
-0.00000 -0.00000 -0.27205
END_MOLECULE_DATA
