4 0 ClF3
 1 2 1.0 3 1.0 4 1.0
 2
 3
 4
      1         17           0        0.000000    0.000000    0.447559
      2          9           0        0.000000    1.848066    0.238804
      3          9           0       -0.000000   -0.000000   -1.322996
      4          9           0       -0.000000   -1.848066    0.238804
                                1         2         3         4         5
                               A1        B1        B2        A1        A1
        Frequencies ---  231.6858  234.1592  306.4410  380.4381  581.4719
     Reduced masses ---   21.9552   23.9313   19.2875   19.0008   22.3049
    Force constants ---    0.6944    0.7731    1.0671    1.6203    4.4433
     IR Intensities ---    0.0000    0.0000    0.0000    0.0000    0.0000
 Coord Atom Element:
   1     1    17  -0.00000   0.55576  -0.00000  -0.00000   0.00000
   2     1    17  -0.00000   0.00000  -0.13454  -0.00000  -0.00000
   3     1    17   0.43028   0.00000   0.00000   0.01229  -0.45502
   1     2     9   0.00000  -0.57984   0.00000   0.00000  -0.00000
   2     2     9  -0.21272  -0.00000  -0.26538   0.65743  -0.18351
   3     2     9  -0.55705  -0.00000  -0.34290  -0.15768  -0.00713
   1     3     9  -0.00000   0.13673  -0.00000  -0.00000   0.00000
   2     3     9   0.00000   0.00000   0.77839   0.00000   0.00000
   3     3     9   0.32211   0.00000  -0.00000   0.29273   0.85177
   1     4     9   0.00000  -0.57984   0.00000   0.00000  -0.00000
   2     4     9   0.21272   0.00000  -0.26538  -0.65743   0.18351
   3     4     9  -0.55705  -0.00000   0.34290  -0.15768  -0.00713
                                6
                               B2
        Frequencies ---  684.4361
     Reduced masses ---   25.3011
    Force constants ---    6.9832
     IR Intensities ---    0.0000
 Coord Atom Element:
   1     1    17  -0.00000
   2     1    17   0.62821
   3     1    17  -0.00000
   1     2     9   0.00000
   2     2     9  -0.53822
   3     2     9   0.09905
   1     3     9  -0.00000
   2     3     9  -0.07986
   3     3     9   0.00000
   1     4     9   0.00000
   2     4     9  -0.53822
   3     4     9  -0.09905
