MOLECULE_DATA
NATOMS 4
ATOMS Cl F F F
COORDINATES (Angstrom)
-0.000000 0.000000 0.447454
-0.000000 1.848120 0.238923
0.000000 -0.000000 -1.323037
0.000000 -1.848120 0.238923
BONDS (AtomIndex1 AtomIndex2) [1-based]
1 2
1 3
1 4
NUM_MODES 6
MODE 1
FREQ 231.582000
VECTOR
-0.00000 -0.00000 0.43025
0.00000 -0.21275 -0.55704
-0.00000 0.00000 0.32215
0.00000 0.21275 -0.55704
MODE 2
FREQ 234.172000
VECTOR
0.55583 -0.00000 0.00000
-0.57983 -0.00000 -0.00000
0.13659 -0.00000 0.00000
-0.57983 0.00000 -0.00000
MODE 3
FREQ 306.365700
VECTOR
0.00000 -0.13455 0.00000
-0.00000 -0.26537 -0.34290
0.00000 0.77839 -0.00000
-0.00000 -0.26537 0.34290
MODE 4
FREQ 380.418200
VECTOR
0.00000 -0.00000 0.01242
-0.00000 0.65748 -0.15769
0.00000 0.00000 0.29251
-0.00000 -0.65748 -0.15769
MODE 5
FREQ 581.601700
VECTOR
0.00000 0.00000 0.45505
-0.00000 0.18329 0.00714
0.00000 -0.00000 -0.85184
-0.00000 -0.18329 0.00714
MODE 6
FREQ 684.452400
VECTOR
0.00000 0.62822 -0.00000
-0.00000 -0.53822 0.09899
0.00000 -0.07988 0.00000
-0.00000 -0.53822 -0.09899
END_MOLECULE_DATA
