4 0 clh3_dft
 1 2 1.0 3 1.0 4 1.0
 2
 3
 4
      1         17           0        0.000000    0.000000    0.078279
      2          1           0       -0.000000   -0.000000   -1.233344
      3          1           0       -0.000000    1.804785   -0.048702
      4          1           0       -0.000000   -1.804785   -0.048702
                                1         2         3         4         5
                               B1        A1        B2        B2        A1
        Frequencies ---  758.3796  799.0897  859.7196 1241.7406 1250.4967
     Reduced masses ---    1.0529    1.0592    1.0529    1.0362    1.0079
    Force constants ---    0.3568    0.3985    0.4585    0.9414    0.9286
     IR Intensities ---    0.0000    0.0000    0.0000    0.0000    0.0000
 Coord Atom Element:
   1     1    17   0.03645  -0.00000  -0.00000  -0.00000  -0.00000
   2     1    17   0.00000   0.00000   0.03643   0.02891  -0.00000
   3     1    17   0.00000   0.03888  -0.00000   0.00000   0.00175
   1     2     1   0.13556  -0.00000  -0.00000  -0.00000  -0.00000
   2     2     1  -0.00000  -0.00000  -0.83887   0.32577  -0.00000
   3     2     1   0.00000   0.06043  -0.00000  -0.00000  -0.00770
   1     3     1  -0.70011   0.00000   0.00000   0.00000   0.00000
   2     3     1  -0.00000  -0.02778  -0.21265  -0.66437   0.70659
   3     3     1   0.00000  -0.70473   0.31979  -0.07163  -0.02651
   1     4     1  -0.70011   0.00000   0.00000   0.00000   0.00000
   2     4     1  -0.00000   0.02778  -0.21265  -0.66437  -0.70659
   3     4     1  -0.00000  -0.70473  -0.31979   0.07163  -0.02651
                                6
                               A1
        Frequencies --- 2679.5081
     Reduced masses ---    1.0376
    Force constants ---    4.3893
     IR Intensities ---    0.0000
 Coord Atom Element:
   1     1    17   0.00000
   2     1    17  -0.00000
   3     1    17  -0.02962
   1     2     1   0.00000
   2     2     1   0.00000
   3     2     1   0.99931
   1     3     1  -0.00000
   2     3     1   0.00725
   3     3     1   0.01421
   1     4     1  -0.00000
   2     4     1  -0.00725
   3     4     1   0.01421
