MOLECULE_DATA
NATOMS 4
ATOMS Cl H H H
COORDINATES (Angstrom)
0.000000 0.000000 0.078279
-0.000000 -0.000000 -1.233344
-0.000000 1.804785 -0.048702
-0.000000 -1.804785 -0.048702
BONDS (AtomIndex1 AtomIndex2) [1-based]
1 2
1 3
1 4
NUM_MODES 6
MODE 1
FREQ 758.379600
VECTOR
0.03645 0.00000 0.00000
0.13556 -0.00000 0.00000
-0.70011 -0.00000 0.00000
-0.70011 -0.00000 -0.00000
MODE 2
FREQ 799.089700
VECTOR
-0.00000 0.00000 0.03888
-0.00000 -0.00000 0.06043
0.00000 -0.02778 -0.70473
0.00000 0.02778 -0.70473
MODE 3
FREQ 859.719600
VECTOR
-0.00000 0.03643 -0.00000
-0.00000 -0.83887 -0.00000
0.00000 -0.21265 0.31979
0.00000 -0.21265 -0.31979
MODE 4
FREQ 1241.740600
VECTOR
-0.00000 0.02891 0.00000
-0.00000 0.32577 -0.00000
0.00000 -0.66437 -0.07163
0.00000 -0.66437 0.07163
MODE 5
FREQ 1250.496700
VECTOR
-0.00000 -0.00000 0.00175
-0.00000 -0.00000 -0.00770
0.00000 0.70659 -0.02651
0.00000 -0.70659 -0.02651
MODE 6
FREQ 2679.508100
VECTOR
0.00000 -0.00000 -0.02962
0.00000 0.00000 0.99931
-0.00000 0.00725 0.01421
-0.00000 -0.00725 0.01421
END_MOLECULE_DATA
