3 1 CO2
 1 2 1.0 3 1.0
 2
 3
      1          6           0        0.000000    0.000000    0.000000
      2          8           0        0.000000    0.000000    1.196542
      3          8           0        0.000000    0.000000   -1.196542
                                1         2         3         4
                              PIU       PIU       SGG       SGU
        Frequencies ---  551.7050  551.7050 1241.2837 2347.6434
     Reduced masses ---   12.8774   12.8774   15.9949   12.8774
    Force constants ---    2.3094    2.3094   14.5203   41.8159
     IR Intensities ---    0.0000    0.0000    0.0000    0.0000
 Coord Atom Element:
   1     1     6   0.00336   0.88338   0.00000   0.00000
   2     1     6   0.88338  -0.00336  -0.00000   0.00000
   3     1     6  -0.00000  -0.00000  -0.00000   0.88339
   1     2     8  -0.00126  -0.33137  -0.00000  -0.00000
   2     2     8  -0.33137   0.00126   0.00000  -0.00000
   3     2     8   0.00000  -0.00000   0.70711  -0.33138
   1     3     8  -0.00126  -0.33137  -0.00000  -0.00000
   2     3     8  -0.33137   0.00126   0.00000  -0.00000
   3     3     8  -0.00000   0.00000  -0.70711  -0.33138
