3 1 CSe2
 1 2 1.0 3 1.0
 2
 3
      1          6           0        0.000000    0.000000    0.000000
      2         34           0        0.000000    0.000000    1.735127
      3         34           0        0.000000    0.000000   -1.735127
                                1         2         3         4
                              PIU       PIU       SGG       SGU
        Frequencies ---  327.9949  327.9949  360.9933 1349.7457
     Reduced masses ---   12.7571   12.7571   79.9165   12.7571
    Force constants ---    0.8086    0.8086    6.1360   13.6933
     IR Intensities ---    0.0000    0.0000    0.0000    0.0000
 Coord Atom Element:
   1     1     6  -0.00012   0.99441   0.00000   0.00000
   2     1     6   0.99441   0.00012  -0.00000   0.00000
   3     1     6  -0.00000  -0.00000  -0.00000   0.99441
   1     2    34   0.00001  -0.07466  -0.00000  -0.00000
   2     2    34  -0.07466  -0.00001   0.00000  -0.00000
   3     2    34   0.00000  -0.00000   0.70711  -0.07466
   1     3    34   0.00001  -0.07466  -0.00000  -0.00000
   2     3    34  -0.07466  -0.00001   0.00000  -0.00000
   3     3    34  -0.00000   0.00000  -0.70711  -0.07466
