4 0 f4_dft
 1 2 1.0 3 1.0 4 1.0
 2
 3
 4
      1          9           0        0.000000   -0.000000   -0.005556
      2          9           0        0.000000    1.420002   -0.810208
      3          9           0       -0.000000    0.000000    1.625973
      4          9           0       -0.000000   -1.420002   -0.810208
                                1         2         3         4         5
                               B2        A1        B1        A1        A1
        Frequencies ---  135.8477  161.7941  360.7648  597.6318  697.4278
     Reduced masses ---   18.9984   18.9984   18.9984   18.9984   18.9984
    Force constants ---    0.2066    0.2930    1.4569    3.9979    5.4446
     IR Intensities ---    0.0000    0.0000    0.0000    0.0000    0.0000
 Coord Atom Element:
   1     1     9   0.00000   0.00000   0.86602   0.00000  -0.00000
   2     1     9  -0.38854  -0.00000   0.00000  -0.00000   0.00000
   3     1     9   0.00000  -0.37963   0.00000  -0.01653   0.77821
   1     2     9  -0.00000  -0.00000  -0.28999  -0.00000   0.00000
   2     2     9  -0.12941   0.44696  -0.00000   0.49796   0.22862
   3     2     9   0.44523   0.38741  -0.00000  -0.28423  -0.13830
   1     3     9  -0.00000  -0.00000  -0.28604  -0.00000   0.00000
   2     3     9   0.64736   0.00000  -0.00000  -0.00000   0.00000
   3     3     9   0.00000  -0.39518  -0.00000   0.58500  -0.50161
   1     4     9  -0.00000  -0.00000  -0.28999  -0.00000   0.00000
   2     4     9  -0.12941  -0.44696   0.00000  -0.49796  -0.22862
   3     4     9  -0.44523   0.38741  -0.00000  -0.28423  -0.13830
                                6
                               B2
        Frequencies ---  704.5232
     Reduced masses ---   18.9984
    Force constants ---    5.5559
     IR Intensities ---    0.0000
 Coord Atom Element:
   1     1     9  -0.00000
   2     1     9   0.77397
   3     1     9  -0.00000
   1     2     9   0.00000
   2     2     9  -0.38870
   3     2     9   0.22223
   1     3     9   0.00000
   2     3     9   0.00343
   3     3     9   0.00000
   1     4     9   0.00000
   2     4     9  -0.38870
   3     4     9  -0.22223
