4 0 F4
 1 2 1.0 3 1.0 4 1.0
 2
 3
 4
      1          9           0       -0.000000   -0.000000   -0.000571
      2          9           0        0.000000    1.414468   -0.815906
      3          9           0        0.000000    0.000000    1.632383
      4          9           0       -0.000000   -1.414468   -0.815906
                                1         2         3         4         5
                               B2        A1        B1        A1        B2
        Frequencies ---  146.1496  146.1645  361.8119  595.1251  695.9651
     Reduced masses ---   18.9984   18.9984   18.9984   18.9984   18.9984
    Force constants ---    0.2391    0.2391    1.4653    3.9645    5.4218
     IR Intensities ---    0.0000    0.0000    0.0000    0.0000    0.0000
 Coord Atom Element:
   1     1     9  -0.00000  -0.00000   0.86603  -0.00000  -0.00000
   2     1     9  -0.38640  -0.00000   0.00000  -0.00000   0.77505
   3     1     9   0.00000  -0.38467  -0.00000  -0.00337   0.00000
   1     2     9   0.00000   0.00000  -0.28881   0.00000   0.00000
   2     2     9  -0.12961   0.44834   0.00000   0.49862  -0.38725
   3     2     9   0.44737   0.38665   0.00000  -0.28834   0.22291
   1     3     9   0.00000   0.00000  -0.28841   0.00000   0.00000
   2     3     9   0.64561   0.00000   0.00000  -0.00000  -0.00054
   3     3     9   0.00000  -0.38862  -0.00000   0.58006  -0.00000
   1     4     9   0.00000   0.00000  -0.28881   0.00000   0.00000
   2     4     9  -0.12960  -0.44834  -0.00000  -0.49862  -0.38725
   3     4     9  -0.44738   0.38664  -0.00000  -0.28834  -0.22291
                                6
                               A1
        Frequencies ---  696.4105
     Reduced masses ---   18.9984
    Force constants ---    5.4287
     IR Intensities ---    0.0000
 Coord Atom Element:
   1     1     9  -0.00000
   2     1     9  -0.00000
   3     1     9   0.77590
   1     2     9   0.00000
   2     2     9   0.22444
   3     2     9  -0.13177
   1     3     9   0.00000
   2     3     9   0.00000
   3     3     9  -0.51236
   1     4     9   0.00000
   2     4     9  -0.22444
   3     4     9  -0.13177
