4 0 fbr3
 1 2 1.0 3 1.0 4 1.0
 2
 3
 4
      1          9           0        0.000000   -0.000000   -0.000093
      2         35           0        0.000000    1.874804   -1.082836
      3         35           0       -0.000000    0.000000    2.165696
      4         35           0       -0.000000   -1.874804   -1.082836
                                1         2         3         4         5
                               B2        A1        B1        A1        B2
        Frequencies ---   52.9642   53.1508  157.8663  177.9639  236.6236
     Reduced masses ---   73.9913   73.9015   20.1340   78.9158   20.4819
    Force constants ---    0.1223    0.1230    0.2956    1.4726    0.6757
     IR Intensities ---    0.0000    0.0000    0.0000    0.0000    0.0000
 Coord Atom Element:
   1     1     9   0.00000   0.00000   0.99048  -0.00000  -0.00000
   2     1     9  -0.28675   0.00000   0.00000  -0.00000   0.98754
   3     1     9  -0.00000  -0.28936   0.00000  -0.00651  -0.00000
   1     2    35  -0.00000  -0.00000  -0.07948   0.00000   0.00000
   2     2    35  -0.25325   0.47803  -0.00000   0.49990  -0.10145
   3     2    35   0.47868   0.29939  -0.00000  -0.28820   0.03847
   1     3    35  -0.00000  -0.00000  -0.07947   0.00000   0.00000
   2     3    35   0.57553  -0.00000  -0.00000   0.00000  -0.03483
   3     3    35  -0.00000  -0.52913   0.00000   0.57796   0.00000
   1     4    35  -0.00000  -0.00000  -0.07948   0.00000   0.00000
   2     4    35  -0.25325  -0.47803  -0.00000  -0.49990  -0.10145
   3     4    35  -0.47868   0.29939  -0.00000  -0.28820  -0.03847
                                6
                               A1
        Frequencies ---  237.8147
     Reduced masses ---   20.4890
    Force constants ---    0.6827
     IR Intensities ---    0.0000
 Coord Atom Element:
   1     1     9  -0.00000
   2     1     9   0.00000
   3     1     9   0.98748
   1     2    35   0.00000
   2     2    35   0.03969
   3     2    35  -0.05730
   1     3    35   0.00000
   2     3    35  -0.00000
   3     3    35  -0.12312
   1     4    35   0.00000
   2     4    35  -0.03969
   3     4    35  -0.05730
