4 0 FBr3
 1 2 1.0 3 1.0 4 1.0
 2
 3
 4
      1          9           0        0.000000    0.000000    0.000086
      2         35           0        0.000000    1.875367   -1.082588
      3         35           0        0.000000    0.000000    2.165154
      4         35           0       -0.000000   -1.875367   -1.082588
                                1         2         3         4         5
                               A1        B2        B1        A1        A1
        Frequencies ---   53.0159   53.0993  157.8923  177.9392  236.8721
     Reduced masses ---   73.9745   73.9324   20.1340   78.9178   20.4833
    Force constants ---    0.1225    0.1228    0.2957    1.4722    0.6771
     IR Intensities ---    0.0000    0.0000    0.0000    0.0000    0.0000
 Coord Atom Element:
   1     1     9  -0.00000   0.00000   0.99048  -0.00000  -0.00000
   2     1     9  -0.00000  -0.28846   0.00000   0.00000   0.00000
   3     1     9   0.28724  -0.00000   0.00000   0.00305   0.98753
   1     2    35   0.00000  -0.00000  -0.07948   0.00000   0.00000
   2     2    35  -0.47860  -0.25303  -0.00000   0.50003   0.03815
   3     2    35  -0.29927   0.47829  -0.00000  -0.28890  -0.05677
   1     3    35   0.00000  -0.00000  -0.07949   0.00000   0.00000
   2     3    35   0.00000   0.57551  -0.00000   0.00000  -0.00000
   3     3    35   0.52939  -0.00000  -0.00000   0.57707  -0.12420
   1     4    35   0.00000  -0.00000  -0.07948   0.00000   0.00000
   2     4    35   0.47860  -0.25304  -0.00000  -0.50003  -0.03815
   3     4    35  -0.29927  -0.47829  -0.00000  -0.28890  -0.05677
                                6
                               B2
        Frequencies ---  237.4532
     Reduced masses ---   20.4865
    Force constants ---    0.6806
     IR Intensities ---    0.0000
 Coord Atom Element:
   1     1     9  -0.00000
   2     1     9   0.98750
   3     1     9  -0.00000
   1     2    35   0.00000
   2     2    35  -0.10160
   3     2    35   0.03872
   1     3    35   0.00000
   2     3    35  -0.03454
   3     3    35   0.00000
   1     4    35   0.00000
   2     4    35  -0.10160
   3     4    35  -0.03872
