MOLECULE_DATA
NATOMS 4
ATOMS F Cl Cl Cl
COORDINATES (Angstrom)
-0.000000 0.000000 0.000124
-0.000000 1.796480 -1.037538
-0.000000 0.000000 2.075010
-0.000000 -1.796480 -1.037538
BONDS (AtomIndex1 AtomIndex2) [1-based]
1 2
1 3
1 4
NUM_MODES 6
MODE 1
FREQ 73.832900
VECTOR
0.00000 -0.18383 -0.00000
-0.00000 -0.24993 0.49071
-0.00000 0.59974 -0.00000
-0.00000 -0.24994 -0.49070
MODE 2
FREQ 74.121500
VECTOR
0.00000 0.00000 -0.18578
-0.00000 0.49038 0.31682
-0.00000 -0.00000 -0.53271
-0.00000 -0.49038 0.31683
MODE 3
FREQ 180.355500
VECTOR
0.95416 0.00000 0.00000
-0.17278 -0.00000 -0.00000
-0.17282 -0.00000 0.00000
-0.17278 -0.00000 -0.00000
MODE 4
FREQ 271.475800
VECTOR
-0.00000 -0.00000 -0.13525
0.00000 0.48672 -0.26594
0.00000 0.00000 0.60537
0.00000 -0.48671 -0.26594
MODE 5
FREQ 271.931000
VECTOR
-0.00000 0.94795 -0.00000
0.00000 -0.20456 0.05700
0.00000 -0.10590 0.00000
0.00000 -0.20456 -0.05700
MODE 6
FREQ 272.675100
VECTOR
-0.00000 0.00000 0.94440
0.00000 0.09975 -0.16235
0.00000 -0.00000 -0.18840
0.00000 -0.09975 -0.16235
END_MOLECULE_DATA
