4 0 fcl3
 1 2 1.0 3 1.0 4 1.0
 2
 3
 4
      1          9           0       -0.000000    0.000000    0.000124
      2         17           0       -0.000000    1.796480   -1.037538
      3         17           0       -0.000000    0.000000    2.075010
      4         17           0       -0.000000   -1.796480   -1.037538
                                1         2         3         4         5
                               B2        A1        B1        A1        B2
        Frequencies ---   73.8329   74.1215  180.3555  271.4758  271.9310
     Reduced masses ---   34.4292   34.4176   20.4290   34.6767   20.6178
    Force constants ---    0.1106    0.1114    0.3915    1.5057    0.8983
     IR Intensities ---    0.0000    0.0000    0.0000    0.0000    0.0000
 Coord Atom Element:
   1     1     9   0.00000   0.00000   0.95416  -0.00000  -0.00000
   2     1     9  -0.18383   0.00000   0.00000  -0.00000   0.94795
   3     1     9  -0.00000  -0.18578   0.00000  -0.13525  -0.00000
   1     2    17  -0.00000  -0.00000  -0.17278   0.00000   0.00000
   2     2    17  -0.24993   0.49038  -0.00000   0.48672  -0.20456
   3     2    17   0.49071   0.31682  -0.00000  -0.26594   0.05700
   1     3    17  -0.00000  -0.00000  -0.17282   0.00000   0.00000
   2     3    17   0.59974  -0.00000  -0.00000   0.00000  -0.10590
   3     3    17  -0.00000  -0.53271   0.00000   0.60537   0.00000
   1     4    17  -0.00000  -0.00000  -0.17278   0.00000   0.00000
   2     4    17  -0.24994  -0.49038  -0.00000  -0.48671  -0.20456
   3     4    17  -0.49070   0.31683  -0.00000  -0.26594  -0.05700
                                6
                               A1
        Frequencies ---  272.6751
     Reduced masses ---   20.7249
    Force constants ---    0.9079
     IR Intensities ---    0.0000
 Coord Atom Element:
   1     1     9  -0.00000
   2     1     9   0.00000
   3     1     9   0.94440
   1     2    17   0.00000
   2     2    17   0.09975
   3     2    17  -0.16235
   1     3    17   0.00000
   2     3    17  -0.00000
   3     3    17  -0.18840
   1     4    17   0.00000
   2     4    17  -0.09975
   3     4    17  -0.16235
