4 0 fh3_dft
 1 4 1.0
 2 4 1.0
 3 4 1.0
 4
      1          1           0       -0.000000    1.489625    0.078162
      2          1           0       -0.000000   -1.489625    0.078162
      3          1           0       -0.000000    0.000000   -0.926421
      4          9           0        0.000000   -0.000000    0.085566
                                1         2         3         4         5
                               B2        A1        B1        B2        A1
        Frequencies --- -895.9665  623.5951  652.7984 1156.4237 1358.9652
     Reduced masses ---    1.1142    1.0911    1.1070    1.0361    1.0118
    Force constants ---    0.5270    0.2500    0.2780    0.8163    1.1009
     IR Intensities ---    0.0000    0.0000    0.0000    0.0000    0.0000
 Coord Atom Element:
   1     1     1  -0.00000  -0.00000   0.70512   0.00000  -0.00000
   2     1     1   0.32722  -0.10024  -0.00000   0.60589   0.69780
   3     1     1  -0.27172   0.69429   0.00000   0.15494   0.09401
   1     2     1  -0.00000  -0.00000   0.70512   0.00000  -0.00000
   2     2     1   0.32722   0.10024  -0.00000   0.60589  -0.69780
   3     2     1   0.27172   0.69429   0.00000  -0.15494   0.09401
   1     3     1   0.00000   0.00000  -0.01032  -0.00000   0.00000
   2     3     1   0.79515   0.00000   0.00000  -0.46500   0.00000
   3     3     1   0.00000  -0.10587  -0.00000   0.00000   0.09086
   1     4     9   0.00000   0.00000  -0.07426  -0.00000   0.00000
   2     4     9  -0.07690   0.00000  -0.00000  -0.03961   0.00000
   3     4     9  -0.00000  -0.06804  -0.00000  -0.00000  -0.01479
                                6
                               A1
        Frequencies --- 3034.2042
     Reduced masses ---    1.0606
    Force constants ---    5.7531
     IR Intensities ---    0.0000
 Coord Atom Element:
   1     1     1  -0.00000
   2     1     1  -0.07738
   3     1     1   0.01445
   1     2     1  -0.00000
   2     2     1   0.07738
   3     2     1   0.01445
   1     3     1   0.00000
   2     3     1   0.00000
   3     3     1   0.99231
   1     4     9   0.00000
   2     4     9   0.00000
   3     4     9  -0.05417
