MOLECULE_DATA
NATOMS 4
ATOMS Ga Cl Cl Cl
COORDINATES (Angstrom)
0.000000 0.000000 0.000000
0.000000 2.207329 0.000000
-1.911603 -1.103665 0.000000
1.911603 -1.103665 0.000000
BONDS (AtomIndex1 AtomIndex2) [1-based]
1 2
1 3
1 4
NUM_MODES 6
MODE 1
FREQ 127.065700
VECTOR
-0.17735 0.24985 -0.00000
0.41252 0.25286 0.00000
0.32967 -0.62901 0.00000
-0.39262 -0.11632 0.00000
MODE 2
FREQ 127.065700
VECTOR
-0.24985 -0.17735 0.00000
0.58117 -0.17948 -0.00000
-0.30069 -0.09663 -0.00000
0.21199 0.62566 -0.00000
MODE 3
FREQ 129.832100
VECTOR
-0.00000 0.00000 0.66010
0.00000 0.00000 -0.43370
0.00000 -0.00000 -0.43370
-0.00000 -0.00000 -0.43370
MODE 4
FREQ 357.091300
VECTOR
0.00000 0.00000 -0.00000
-0.00000 0.57735 0.00000
-0.50000 -0.28868 0.00000
0.50000 -0.28868 0.00000
MODE 5
FREQ 457.560000
VECTOR
0.32186 0.42001 -0.00000
-0.00152 -0.54992 0.00000
-0.55370 -0.32079 0.00000
-0.07917 0.04285 0.00000
MODE 6
FREQ 457.560000
VECTOR
0.42001 -0.32186 0.00000
-0.00199 0.42141 -0.00000
-0.23112 -0.13077 -0.00000
-0.59475 0.34376 -0.00000
END_MOLECULE_DATA
