4 0 GaF3
 1 2 1.0 3 1.0 4 1.0
 2
 3
 4
      1         31           0        0.000000    0.000000    0.000000
      2          9           0        0.000000    1.694861    0.000000
      3          9           0        1.467793   -0.847431    0.000000
      4          9           0       -1.467793   -0.847431    0.000000
                                1         2         3         4         5
                              A2"        E'        E'       A1'        E'
        Frequencies ---  198.6758  243.7515  243.7515  774.3555  880.5689
     Reduced masses ---   28.2658   21.5008   21.5008   18.9984   24.0937
    Force constants ---    0.6574    0.7527    0.7527    6.7119   11.0073
     IR Intensities ---    0.0000    0.0000    0.0000    0.0000    0.0000
 Coord Atom Element:
   1     1    31  -0.00000  -0.20145  -0.09767  -0.00000  -0.20031
   2     1    31  -0.00000  -0.09767   0.20145   0.00000   0.24886
   3     1    31   0.43084  -0.00000  -0.00000   0.00000   0.00000
   1     2     9   0.00000   0.68747   0.33333   0.00000  -0.00066
   2     2     9   0.00000  -0.09709   0.20024   0.57735  -0.60272
   3     2     9  -0.52102   0.00000   0.00000  -0.00000  -0.00000
   1     3     9  -0.00000   0.20806  -0.37388   0.50000   0.62503
   2     3     9   0.00000   0.61012  -0.27917  -0.28868  -0.36042
   3     3     9  -0.52102   0.00000   0.00000  -0.00000  -0.00000
   1     4     9   0.00000  -0.16469   0.39491  -0.50000   0.10235
   2     4     9  -0.00000  -0.15867  -0.65192  -0.28868   0.06029
   3     4     9  -0.52102   0.00000   0.00000  -0.00000  -0.00000
                                6
                               E'
        Frequencies ---  880.5689
     Reduced masses ---   24.0937
    Force constants ---   11.0073
     IR Intensities ---    0.0000
 Coord Atom Element:
   1     1    31   0.24886
   2     1    31   0.20031
   3     1    31   0.00000
   1     2     9   0.00082
   2     2     9  -0.48514
   3     2     9  -0.00000
   1     3     9  -0.24148
   2     3     9   0.14055
   3     3     9  -0.00000
   1     4     9  -0.66219
   2     4     9  -0.38213
   3     4     9  -0.00000
