4 0 GaH3
 1 4 1.0
 2 4 1.0
 3 4 1.0
 4
      1          1           0        0.000000    1.589647    0.000000
      2          1           0        1.376675   -0.794824    0.000000
      3          1           0       -1.376675   -0.794824    0.000000
      4         31           0        0.000000    0.000000    0.000000
                                1         2         3         4         5
                              A2"        E'        E'        E'        E'
        Frequencies ---  733.2945  833.9541  833.9541 1852.2554 1852.2554
     Reduced masses ---    1.0514    1.0315    1.0315    1.0268    1.0268
    Force constants ---    0.3331    0.4227    0.4227    2.0755    2.0755
     IR Intensities ---    0.0000    0.0000    0.0000    0.0000    0.0000
 Coord Atom Element:
   1     1     1   0.00000  -0.02773   0.81509  -0.00195  -0.05333
   2     1     1  -0.00000   0.03595   0.00122   0.81409  -0.02981
   3     1     1   0.57717   0.00000  -0.00000   0.00000  -0.00000
   1     2     1   0.00000   0.32953   0.24221  -0.35373   0.61099
   2     2     1  -0.00000   0.60883   0.35848   0.14977  -0.38159
   3     2     1   0.57717   0.00000  -0.00000   0.00000  -0.00000
   1     3     1   0.00000  -0.34523   0.21926   0.39748   0.58348
   2     3     1  -0.00000   0.63178  -0.31627   0.17728   0.36962
   3     3     1   0.57717   0.00000  -0.00000   0.00000  -0.00000
   1     4    31  -0.00000   0.00063  -0.01867  -0.00061  -0.01669
   2     4    31   0.00000  -0.01867  -0.00063  -0.01669   0.00061
   3     4    31  -0.02532  -0.00000   0.00000  -0.00000   0.00000
                                6
                              A1'
        Frequencies --- 1858.7192
     Reduced masses ---    1.0078
    Force constants ---    2.0515
     IR Intensities ---    0.0000
 Coord Atom Element:
   1     1     1  -0.00000
   2     1     1   0.57735
   3     1     1   0.00000
   1     2     1   0.50000
   2     2     1  -0.28868
   3     2     1   0.00000
   1     3     1  -0.50000
   2     3     1  -0.28868
   3     3     1   0.00000
   1     4    31  -0.00000
   2     4    31   0.00000
   3     4    31  -0.00000
