3 0 H2O
 1 2 1.0 3 1.0
 2
 3
      1          8           0       -0.000000    0.000000    0.120159
      2          1           0        0.000000    0.785894   -0.480637
      3          1           0       -0.000000   -0.785894   -0.480637
                                1         2         3
                               A1        A1        B2
        Frequencies --- 1722.4570 3501.5073 3660.7973
     Reduced masses ---    1.0916    1.0369    1.0826
    Force constants ---    1.9082    7.4906    8.5478
     IR Intensities ---    0.0000    0.0000    0.0000
 Coord Atom Element:
   1     1     8   0.00000   0.00000   0.00000
   2     1     8  -0.00000   0.00000   0.07062
   3     1     8   0.07478   0.04408  -0.00000
   1     2     1  -0.00000   0.00000  -0.00000
   2     2     1  -0.38084   0.61374  -0.56036
   3     2     1  -0.59343  -0.34979   0.42838
   1     3     1  -0.00000  -0.00000  -0.00000
   2     3     1   0.38084  -0.61374  -0.56036
   3     3     1  -0.59343  -0.34979  -0.42838
