5 0 HCOOH
 1 2 1.0 4 1.0
 2 3 1.0 5 1.0
 3
 4
 5
      1          8           0        1.057124   -0.462988   -0.000000
      2          6           0       -0.000000    0.436811    0.000000
      3          8           0       -1.194544    0.128275    0.000000
      4          1           0        0.685171   -1.388164   -0.000000
      5          1           0        0.414192    1.445005    0.000000
                                1         2         3         4         5
                               A'        A"        A'        A"        A'
        Frequencies ---  610.9187  674.2108 1055.8311 1084.1042 1343.6849
     Reduced masses ---    3.6294    1.3064    3.8681    1.4873    1.6542
    Force constants ---    0.7981    0.3499    2.5406    1.0299    1.7597
     IR Intensities ---    0.0000    0.0000    0.0000    0.0000    0.0000
 Coord Atom Element:
   1     1     8   0.22736   0.00000   0.28115  -0.00000  -0.03603
   2     1     8   0.00729  -0.00000  -0.18690   0.00000  -0.08552
   3     1     8   0.00000  -0.09868   0.00000   0.02543  -0.00000
   1     2     6  -0.08983  -0.00000  -0.11378   0.00000  -0.07570
   2     2     6  -0.22209  -0.00000   0.25753  -0.00000   0.19561
   3     2     6  -0.00000   0.10307  -0.00000  -0.19815  -0.00000
   1     3     8  -0.21268  -0.00000  -0.13179   0.00000   0.02282
   2     3     8   0.18933   0.00000  -0.03689   0.00000  -0.04155
   3     3     8   0.00000  -0.04895   0.00000   0.05051  -0.00000
   1     4     1   0.83438   0.00000  -0.77931   0.00000   0.84878
   2     4     1  -0.22710  -0.00000   0.18336  -0.00000  -0.38762
   3     4     1  -0.00000   0.97905  -0.00000   0.19519   0.00000
   1     5     1   0.00218  -0.00000  -0.23639  -0.00000   0.26235
   2     5     1  -0.24904  -0.00000   0.30200  -0.00000   0.07512
   3     5     1  -0.00000   0.13676   0.00000   0.95887   0.00000
                                6         7         8         9
                               A'        A'        A'        A'
        Frequencies --- 1462.6895 1703.7640 3148.6776 3492.5084
     Reduced masses ---    1.1455    6.6375    1.0913    1.0634
    Force constants ---    1.4439   11.3520    6.3745    7.6425
     IR Intensities ---    0.0000    0.0000    0.0000    0.0000
 Coord Atom Element:
   1     1     8   0.01291  -0.06819   0.00140  -0.01840
   2     1     8   0.04035  -0.00865   0.00309  -0.05764
   3     1     8   0.00000  -0.00000   0.00000  -0.00000
   1     2     6   0.01573   0.56127  -0.03505  -0.00490
   2     2     6   0.02166   0.09875  -0.07954  -0.00661
   3     2     6  -0.00000   0.00000  -0.00000   0.00000
   1     3     8  -0.07115  -0.35283   0.00389   0.00001
   2     3     8  -0.04245  -0.09064   0.00120   0.00050
   3     3     8   0.00000  -0.00000   0.00000  -0.00000
   1     4     1  -0.17972   0.35125  -0.02939   0.32791
   2     4     1   0.10260  -0.12421  -0.04705   0.94144
   3     4     1  -0.00000   0.00000   0.00000   0.00000
   1     5     1   0.91688  -0.35239   0.36282   0.02226
   2     5     1  -0.32729   0.52423   0.92612   0.04403
   3     5     1   0.00000  -0.00000   0.00000   0.00000
