3 0 HOCl
 1 2 1.0 3 1.0
 2
 3
      1          8           0        0.037764    1.146769   -0.000000
      2          1           0       -0.944091    1.354429   -0.000000
      3         17           0        0.037764   -0.619328    0.000000
                                1         2         3
                               A'        A'        A'
        Frequencies ---  687.1949 1291.1355 3393.6640
     Reduced masses ---   17.7040    1.0704    1.0676
    Force constants ---    4.9258    1.0513    7.2446
     IR Intensities ---    0.0000    0.0000    0.0000
 Coord Atom Element:
   1     1     8   0.00584  -0.04712  -0.06091
   2     1     8   0.86466  -0.02888   0.01665
   3     1     8  -0.00000   0.00000  -0.00000
   1     2     1  -0.19643   0.18086   0.97377
   2     2     1   0.22817   0.98170  -0.21861
   3     2     1  -0.00000  -0.00000   0.00000
   1     3    17   0.00299   0.01634  -0.00020
   2     3    17  -0.40208  -0.01509  -0.00132
   3     3    17   0.00000   0.00000   0.00000
