MOLECULE_DATA
NATOMS 4
ATOMS I H H H
COORDINATES (Angstrom)
0.000000 0.000000 0.040443
-0.000000 0.000000 -1.626457
0.000000 1.877708 -0.258502
-0.000000 -1.877708 -0.258502
BONDS (AtomIndex1 AtomIndex2) [1-based]
1 2
1 3
1 4
NUM_MODES 6
MODE 1
FREQ 827.385800
VECTOR
0.00893 -0.00000 -0.00000
0.24583 0.00000 -0.00000
-0.68538 0.00000 0.00000
-0.68538 0.00000 0.00000
MODE 2
FREQ 950.601400
VECTOR
0.00000 -0.00000 0.01118
0.00000 0.00000 -0.04929
-0.00000 -0.19437 -0.67893
-0.00000 0.19437 -0.67893
MODE 3
FREQ 1203.976500
VECTOR
-0.00000 -0.00878 -0.00000
-0.00000 0.81357 -0.00000
0.00000 0.14591 -0.38435
0.00000 0.14591 0.38435
MODE 4
FREQ 1254.650000
VECTOR
0.00000 0.00885 0.00000
0.00000 0.25378 0.00000
-0.00000 -0.68392 -0.00376
-0.00000 -0.68392 0.00376
MODE 5
FREQ 1355.730500
VECTOR
0.00000 -0.00000 0.00183
0.00000 0.00000 0.16120
-0.00000 0.66985 -0.19573
-0.00000 -0.66985 -0.19573
MODE 6
FREQ 1966.160100
VECTOR
0.00000 -0.00000 -0.00768
0.00000 0.00000 0.98538
-0.00000 -0.11998 -0.00937
-0.00000 0.11998 -0.00937
END_MOLECULE_DATA
