4 0 InH3
 1 2 1.0 3 1.0 4 1.0
 2
 3
 4
      1         49           0        0.000000    0.000000    0.000000
      2          1           0        0.000000    1.780459    0.000000
      3          1           0        1.541923   -0.890230   -0.000000
      4          1           0       -1.541923   -0.890230   -0.000000
                                1         2         3         4         5
                              A2"        E'        E'        E'        E'
        Frequencies ---  609.5399  653.4335  653.4335 1774.5433 1774.5433
     Reduced masses ---    1.0341    1.0220    1.0220    1.0196    1.0196
    Force constants ---    0.2264    0.2571    0.2571    1.8917    1.8917
     IR Intensities ---    0.0000    0.0000    0.0000    0.0000    0.0000
 Coord Atom Element:
   1     1    49  -0.00000   0.01055   0.00362   0.01009  -0.00128
   2     1    49  -0.00000  -0.00362   0.01055   0.00128   0.01009
   3     1    49   0.01519   0.00000   0.00000   0.00000   0.00000
   1     2     1   0.00000  -0.77166  -0.26479   0.04206  -0.00536
   2     2     1   0.00000   0.01034  -0.03013  -0.10302  -0.80882
   3     2     1  -0.57728  -0.00000  -0.00000  -0.00000  -0.00000
   1     3     1   0.00000  -0.10533  -0.39504  -0.54917   0.44437
   2     3     1   0.00000  -0.11992  -0.69646   0.34670  -0.21759
   3     3     1  -0.57728  -0.00000  -0.00000  -0.00000  -0.00000
   1     4     1   0.00000  -0.32569   0.24714  -0.64303  -0.29251
   2     4     1  -0.00000   0.52227  -0.47610  -0.39018  -0.12373
   3     4     1  -0.57728  -0.00000  -0.00000  -0.00000  -0.00000
                                6
                              A1'
        Frequencies --- 1791.3598
     Reduced masses ---    1.0078
    Force constants ---    1.9055
     IR Intensities ---    0.0000
 Coord Atom Element:
   1     1    49  -0.00000
   2     1    49  -0.00000
   3     1    49  -0.00000
   1     2     1  -0.00000
   2     2     1   0.57735
   3     2     1   0.00000
   1     3     1   0.50000
   2     3     1  -0.28868
   3     3     1   0.00000
   1     4     1  -0.50000
   2     4     1  -0.28868
   3     4     1   0.00000
