MOLECULE_DATA
NATOMS 4
ATOMS N Br Br Br
COORDINATES (Angstrom)
0.000000 0.000000 0.818225
0.000000 1.902408 -0.054548
1.647534 -0.951204 -0.054548
-1.647534 -0.951204 -0.054548
BONDS (AtomIndex1 AtomIndex2) [1-based]
1 2
1 4
1 3
NUM_MODES 6
MODE 1
FREQ 130.605800
VECTOR
-0.25385 -0.27298 0.00000
0.37940 -0.37570 -0.01481
0.17217 0.52764 -0.00452
-0.50653 -0.10350 0.01934
MODE 2
FREQ 130.605800
VECTOR
-0.27298 0.25385 -0.00000
0.40799 0.34937 0.01378
-0.49535 0.14214 -0.01972
0.13579 -0.53656 0.00594
MODE 3
FREQ 187.785100
VECTOR
-0.00000 -0.00000 -0.37092
0.00000 0.53572 0.02194
0.46394 -0.26786 0.02194
-0.46394 -0.26786 0.02194
MODE 4
FREQ 356.927400
VECTOR
-0.00000 -0.00000 0.99203
0.00000 0.04303 -0.05867
0.03726 -0.02151 -0.05867
-0.03726 -0.02151 -0.05867
MODE 5
FREQ 485.240500
VECTOR
0.05820 0.98800 0.00000
-0.00084 -0.10257 0.05362
0.03348 -0.03412 -0.02407
-0.04296 -0.03862 -0.02954
MODE 6
FREQ 485.240500
VECTOR
0.98800 -0.05820 0.00000
-0.01431 0.00604 -0.00316
-0.08275 0.04036 0.04801
-0.07825 -0.03608 -0.04485
END_MOLECULE_DATA
