4 0 NBr3
 1 2 1.0 3 1.0 4 1.0
 2
 3
 4
      1          7           0        0.000000    0.000000    0.818225
      2         35           0        0.000000    1.902408   -0.054548
      3         35           0        1.647534   -0.951204   -0.054548
      4         35           0       -1.647534   -0.951204   -0.054548
                                1         2         3         4         5
                                E         E        A1        A1         E
        Frequencies ---  130.6058  130.6058  187.7852  356.9274  485.2405
     Reduced masses ---   69.8980   69.8980   69.9872   15.0341   15.3319
    Force constants ---    0.7025    0.7025    1.4541    1.1285    2.1270
     IR Intensities ---    0.0000    0.0000    0.0000    0.0000    0.0000
 Coord Atom Element:
   1     1     7   0.14590   0.34303  -0.00000  -0.00000   0.98517
   2     1     7   0.34303  -0.14590   0.00000   0.00000  -0.09470
   3     1     7   0.00000  -0.00000  -0.37092   0.99203   0.00000
   1     2    35  -0.21806  -0.51269   0.00000   0.00000  -0.01426
   2     2    35   0.47211  -0.20081   0.53572   0.04303   0.00983
   3     2    35   0.01862  -0.00792   0.02194  -0.05867  -0.00514
   1     3    35  -0.33035   0.40729   0.46394   0.03726  -0.08393
   2     3    35  -0.44787  -0.31309  -0.26786  -0.02151   0.04159
   3     3    35  -0.00245   0.02008   0.02194  -0.05867   0.04887
   1     4    35   0.52252   0.04454  -0.46394  -0.03726  -0.07661
   2     4    35  -0.08511   0.53978  -0.26786  -0.02151  -0.03462
   3     4    35  -0.01616  -0.01216   0.02194  -0.05867  -0.04373
                                6
                                E
        Frequencies ---  485.2405
     Reduced masses ---   15.3319
    Force constants ---    2.1270
     IR Intensities ---    0.0000
 Coord Atom Element:
   1     1     7   0.09470
   2     1     7   0.98517
   3     1     7  -0.00000
   1     2    35  -0.00137
   2     2    35  -0.10227
   3     2    35   0.05346
   1     3    35   0.03039
   2     3    35  -0.03260
   3     3    35  -0.02228
   1     4    35  -0.04582
   2     4    35  -0.03993
   3     4    35  -0.03118
