4 0 NCl3-MP2-augcc
 1 2 1.0 3 1.0 4 1.0
 2
 3
 4
      1          7           0        0.000000    0.000000    0.607751
      2         17           0        0.000000    1.659565   -0.083417
      3         17           0        1.437225   -0.829782   -0.083417
      4         17           0       -1.437225   -0.829782   -0.083417
                                1         2         3         4         5
                                E         E        A1        A1         E
        Frequencies ---  261.2759  261.2759  356.7576  553.5309  645.1656
     Reduced masses ---   33.0784   33.0784   29.9849   16.2292   15.8093
    Force constants ---    1.3304    1.3304    2.2485    2.9297    3.8771
     IR Intensities ---    0.0000    0.0000    0.0000    0.0000    0.0000
 Coord Atom Element:
   1     1     7   0.14300  -0.26404  -0.00000   0.00000   0.33180
   2     1     7   0.26404   0.14300   0.00000  -0.00000   0.89652
   3     1     7   0.00000   0.00000  -0.48757   0.94542   0.00000
   1     2    17  -0.28041   0.51777   0.00000  -0.00000  -0.01570
   2     2    17   0.44728   0.24223   0.49986   0.13952  -0.19693
   3     2    17   0.02936   0.01590   0.06508  -0.12620   0.09968
   1     3    17  -0.30630  -0.43232   0.43289   0.12083   0.00832
   2     3    17  -0.50281   0.26813  -0.24993  -0.06976  -0.05628
   3     3    17  -0.00091  -0.03337   0.06508  -0.12620  -0.01789
   1     4    17   0.52945   0.02029  -0.43289  -0.12083  -0.12549
   2     4    17  -0.05020  -0.56762  -0.24993  -0.06976  -0.10580
   3     4    17  -0.02845   0.01747   0.06508  -0.12620  -0.08179
                                6
                                E
        Frequencies ---  645.1656
     Reduced masses ---   15.8093
    Force constants ---    3.8771
     IR Intensities ---    0.0000
 Coord Atom Element:
   1     1     7   0.89652
   2     1     7  -0.33180
   3     1     7  -0.00000
   1     2    17  -0.04241
   2     2    17   0.07288
   3     2    17  -0.03689
   1     3    17  -0.18306
   2     3    17   0.09690
   3     3    17   0.10477
   1     4    17  -0.13354
   2     4    17  -0.03691
   3     4    17  -0.06788
