4 0 NCl3
 1 2 1.0 3 1.0 4 1.0
 2
 3
 4
      1          7           0        0.000000    0.000000    0.607751
      2         17           0        0.000000    1.659565   -0.083417
      3         17           0        1.437225   -0.829782   -0.083417
      4         17           0       -1.437225   -0.829782   -0.083417
                                1         2         3         4         5
                                E         E        A1        A1         E
        Frequencies ---  261.2758  261.2758  356.7576  553.5309  645.1655
     Reduced masses ---   33.0784   33.0784   29.9849   16.2292   15.8093
    Force constants ---    1.3304    1.3304    2.2485    2.9297    3.8771
     IR Intensities ---    0.0000    0.0000    0.0000    0.0000    0.0000
 Coord Atom Element:
   1     1     7  -0.21219   0.21247  -0.00000  -0.00000   0.91318
   2     1     7  -0.21247  -0.21219  -0.00000   0.00000   0.28276
   3     1     7   0.00000  -0.00000  -0.48757   0.94542  -0.00000
   1     2    17   0.41608  -0.41664   0.00000   0.00000  -0.04320
   2     2    17  -0.35991  -0.35943   0.49986   0.13952  -0.06211
   3     2    17  -0.02362  -0.02359   0.06508  -0.12620   0.03144
   1     3    17   0.17070   0.50158   0.43289   0.12083  -0.14014
   2     3    17   0.55831  -0.11405  -0.24993  -0.06976   0.04259
   3     3    17  -0.00862   0.03225   0.06508  -0.12620   0.07221
   1     4    17  -0.50181  -0.17003  -0.43289  -0.12083  -0.18234
   2     4    17  -0.11331   0.55846  -0.24993  -0.06976  -0.09371
   3     4    17   0.03224  -0.00866   0.06508  -0.12620  -0.10365
                                6
                                E
        Frequencies ---  645.1655
     Reduced masses ---   15.8093
    Force constants ---    3.8771
     IR Intensities ---    0.0000
 Coord Atom Element:
   1     1     7  -0.28276
   2     1     7   0.91318
   3     1     7  -0.00000
   1     2    17   0.01338
   2     2    17  -0.20059
   3     2    17   0.10153
   1     3    17   0.11808
   2     3    17  -0.10365
   3     3    17  -0.07799
   1     4    17  -0.01822
   2     4    17  -0.06144
   3     4    17  -0.02354
