4 0 NF3
 1 2 1.0 3 1.0 4 1.0
 2
 3
 4
      1          7           0       -0.000000    0.000000    0.529002
      2          9           0        0.000000    1.299659   -0.137149
      3          9           0       -1.125537   -0.649829   -0.137149
      4          9           0        1.125537   -0.649829   -0.137149
                                1         2         3         4         5
                                E         E        A1         E         E
        Frequencies ---  404.9022  404.9022  549.4979  921.1138  921.1138
     Reduced masses ---   18.5263   18.5263   17.9289   15.3958   15.3958
    Force constants ---    1.7895    1.7895    3.1896    7.6962    7.6962
     IR Intensities ---    0.0000    0.0000    0.0000    0.0000    0.0000
 Coord Atom Element:
   1     1     7   0.09232  -0.29322  -0.00000   0.83698   0.14375
   2     1     7  -0.29322  -0.09232   0.00000  -0.14375   0.83698
   3     1     7  -0.00000  -0.00000  -0.46271  -0.00000   0.00000
   1     2     9  -0.18527   0.58847  -0.00000  -0.04512  -0.00775
   2     2     9  -0.44439  -0.13991   0.49904   0.06288  -0.36615
   3     2     9  -0.07385  -0.02325   0.11368  -0.03620   0.21080
   1     3     9  -0.38863  -0.32698  -0.43218  -0.26202  -0.18811
   2     3     9   0.47106  -0.34326  -0.24952  -0.11748  -0.14925
   3     3     9   0.01679   0.07558   0.11368  -0.16446  -0.13675
   1     4     9   0.50585  -0.04537   0.43218  -0.30977   0.08991
   2     4     9   0.18945   0.55121  -0.24952   0.16054  -0.10150
   3     4     9   0.05706  -0.05233   0.11368   0.20066  -0.07405
                                6
                               A1
        Frequencies ---  939.3038
     Reduced masses ---   15.4872
    Force constants ---    8.0507
     IR Intensities ---    0.0000
 Coord Atom Element:
   1     1     7   0.00000
   2     1     7  -0.00000
   3     1     7   0.83839
   1     2     9  -0.00000
   2     2     9   0.23791
   3     2     9  -0.20598
   1     3     9  -0.20604
   2     3     9  -0.11896
   3     3     9  -0.20598
   1     4     9   0.20604
   2     4     9  -0.11896
   3     4     9  -0.20598
