MOLECULE_DATA
NATOMS 4
ATOMS N H H H
COORDINATES (Angstrom)
0.000000 0.000000 0.097846
0.000000 0.965429 -0.228308
-0.836086 -0.482715 -0.228308
0.836086 -0.482715 -0.228308
BONDS (AtomIndex1 AtomIndex2) [1-based]
1 2
1 3
1 4
NUM_MODES 6
MODE 1
FREQ 927.781400
VECTOR
-0.00000 -0.00000 0.11948
0.00000 -0.14958 -0.55335
0.12954 0.07479 -0.55335
-0.12954 0.07479 -0.55335
MODE 2
FREQ 1796.412400
VECTOR
-0.06547 -0.03096 -0.00000
0.70077 -0.04461 -0.09690
-0.05837 -0.10686 0.22588
0.26728 0.58170 -0.12898
MODE 3
FREQ 1796.412400
VECTOR
-0.03096 0.06547 0.00000
0.33143 0.09432 0.20488
0.39368 -0.66482 -0.01852
-0.29488 -0.33917 -0.18636
MODE 4
FREQ 3443.751900
VECTOR
-0.00000 -0.00000 0.02704
-0.00000 0.56338 -0.12525
-0.48791 -0.28169 -0.12525
0.48791 -0.28169 -0.12525
MODE 5
FREQ 3598.687700
VECTOR
-0.05244 0.05978 -0.00000
-0.02466 -0.58188 0.18708
0.11251 0.10732 0.04858
0.64079 -0.35608 -0.23566
MODE 6
FREQ 3598.687700
VECTOR
0.05978 0.05244 0.00000
0.02812 -0.51042 0.16411
-0.66108 -0.37325 -0.24407
-0.19768 0.15503 0.07996
END_MOLECULE_DATA
