4 0 nh3-mp2
 1 2 1.0 3 1.0 4 1.0
 2
 3
 4
      1          7           0        0.000000    0.000000    0.097846
      2          1           0        0.000000    0.965429   -0.228308
      3          1           0       -0.836086   -0.482715   -0.228308
      4          1           0        0.836086   -0.482715   -0.228308
                                1         2         3         4         5
                               A1         E         E        A1         E
        Frequencies ---  927.7814 1796.4124 1796.4124 3443.7519 3598.6877
     Reduced masses ---    1.1933    1.0760    1.0760    1.0173    1.0900
    Force constants ---    0.6052    2.0458    2.0458    7.1085    8.3170
     IR Intensities ---    0.0000    0.0000    0.0000    0.0000    0.0000
 Coord Atom Element:
   1     1     7  -0.00000  -0.06547  -0.03096  -0.00000  -0.05244
   2     1     7  -0.00000  -0.03096   0.06547  -0.00000   0.05978
   3     1     7   0.11948  -0.00000   0.00000   0.02704  -0.00000
   1     2     1   0.00000   0.70077   0.33143  -0.00000  -0.02466
   2     2     1  -0.14958  -0.04461   0.09432   0.56338  -0.58188
   3     2     1  -0.55335  -0.09690   0.20488  -0.12525   0.18708
   1     3     1   0.12954  -0.05837   0.39368  -0.48791   0.11251
   2     3     1   0.07479  -0.10686  -0.66482  -0.28169   0.10732
   3     3     1  -0.55335   0.22588  -0.01852  -0.12525   0.04858
   1     4     1  -0.12954   0.26728  -0.29488   0.48791   0.64079
   2     4     1   0.07479   0.58170  -0.33917  -0.28169  -0.35608
   3     4     1  -0.55335  -0.12898  -0.18636  -0.12525  -0.23566
                                6
                                E
        Frequencies --- 3598.6877
     Reduced masses ---    1.0900
    Force constants ---    8.3170
     IR Intensities ---    0.0000
 Coord Atom Element:
   1     1     7   0.05978
   2     1     7   0.05244
   3     1     7   0.00000
   1     2     1   0.02812
   2     2     1  -0.51042
   3     2     1   0.16411
   1     3     1  -0.66108
   2     3     1  -0.37325
   3     3     1  -0.24407
   1     4     1  -0.19768
   2     4     1   0.15503
   3     4     1   0.07996
