5 0 OBr4
 1 2 1.0 3 1.0 4 1.0 5 1.0
 2
 3
 4
 5
      1          8           0        0.000000    0.000000    0.000013
      2         35           0        0.000000    1.749105   -1.236677
      3         35           0       -0.000000   -1.749105   -1.236677
      4         35           0        1.749154   -0.000000    1.236675
      5         35           0       -1.749154    0.000000    1.236675
                                1         2         3         4         5
                               A1        A2        A1        B2        B1
        Frequencies ---   69.2854   69.3007   85.8973   85.9208   85.9250
     Reduced masses ---   78.9183   78.9183   70.0154   70.0165   70.0164
    Force constants ---    0.2232    0.2233    0.3044    0.3045    0.3046
     IR Intensities ---    0.0000    0.0000    0.0000    0.0000    0.0000
 Coord Atom Element:
   1     1     8  -0.00000  -0.00000  -0.00000   0.00000   0.37613
   2     1     8  -0.00000   0.00000   0.00000  -0.37613   0.00000
   3     1     8  -0.00009   0.00000  -0.37615  -0.00000  -0.00000
   1     2    35   0.00000   0.50001   0.00000  -0.00000  -0.34639
   2     2    35  -0.28856   0.00000   0.46294  -0.30827   0.00000
   3     2    35  -0.40825   0.00000   0.01915   0.46287  -0.00000
   1     3    35  -0.00000  -0.50001   0.00000  -0.00000  -0.34639
   2     3    35   0.28856  -0.00000  -0.46294  -0.30828   0.00000
   3     3    35  -0.40825   0.00000   0.01915  -0.46287   0.00000
   1     4    35  -0.28878   0.00000  -0.46283  -0.00000   0.30828
   2     4    35   0.00000   0.49999  -0.00000   0.34639  -0.00000
   3     4    35   0.40826  -0.00000   0.01897   0.00000   0.46286
   1     5    35   0.28878  -0.00000   0.46283   0.00000   0.30828
   2     5    35  -0.00000  -0.49999  -0.00000   0.34639  -0.00000
   3     5    35   0.40826  -0.00000   0.01897  -0.00000  -0.46286
                                6         7         8         9
                               A1        A1        B2        B1
        Frequencies ---  186.2227  482.8056  482.8304  482.8417
     Reduced masses ---   78.9183   17.0927   17.0926   17.0926
    Force constants ---    1.6125    2.3475    2.3477    2.3478
     IR Intensities ---    0.0000    0.0000    0.0000    0.0000
 Coord Atom Element:
   1     1     8  -0.00000   0.00000  -0.00000   0.99124
   2     1     8   0.00000  -0.00000   0.99124   0.00000
   3     1     8  -0.00004   0.99124   0.00000  -0.00000
   1     2    35  -0.00000  -0.00000   0.00000  -0.01990
   2     2    35   0.40826   0.04288  -0.08055  -0.00000
   3     2    35  -0.28867  -0.05023   0.04288   0.00000
   1     3    35   0.00000  -0.00000   0.00000  -0.01990
   2     3    35  -0.40826  -0.04288  -0.08055  -0.00000
   3     3    35  -0.28867  -0.05023  -0.04288  -0.00000
   1     4    35   0.40825  -0.04288  -0.00000  -0.08055
   2     4    35  -0.00000   0.00000  -0.01990  -0.00000
   3     4    35   0.28867  -0.05022  -0.00000  -0.04288
   1     5    35  -0.40825   0.04288   0.00000  -0.08055
   2     5    35   0.00000   0.00000  -0.01990  -0.00000
   3     5    35   0.28867  -0.05022  -0.00000   0.04288
