MOLECULE_DATA
NATOMS 5
ATOMS O Br Br Br Br
COORDINATES (Angstrom)
0.000000 0.000000 0.000013
0.000000 1.749105 -1.236677
-0.000000 -1.749105 -1.236677
1.749154 -0.000000 1.236676
-1.749154 0.000000 1.236676
BONDS (AtomIndex1 AtomIndex2) [1-based]
# No bonds detected. Please add them below.
NUM_MODES 9
MODE 1
FREQ 69.285600
VECTOR
0.00000 -0.00000 0.00009
0.00000 0.28856 0.40825
-0.00000 -0.28856 0.40825
0.28878 0.00000 -0.40826
-0.28878 -0.00000 -0.40826
MODE 2
FREQ 69.300800
VECTOR
0.00000 0.00000 -0.00000
0.50001 -0.00000 -0.00000
-0.50001 0.00000 -0.00000
-0.00000 0.49999 0.00000
0.00000 -0.49999 0.00000
MODE 3
FREQ 85.897500
VECTOR
0.00000 0.00000 0.37615
-0.00000 -0.46294 -0.01915
-0.00000 0.46294 -0.01915
0.46283 -0.00000 -0.01897
-0.46283 -0.00000 -0.01897
MODE 4
FREQ 85.920900
VECTOR
-0.00000 0.37613 -0.00000
0.00000 0.30827 -0.46287
0.00000 0.30827 0.46287
-0.00000 -0.34639 -0.00000
0.00000 -0.34639 0.00000
MODE 5
FREQ 85.925100
VECTOR
-0.37613 -0.00000 0.00000
0.34639 -0.00000 -0.00000
0.34639 0.00000 -0.00000
-0.30827 0.00000 -0.46286
-0.30828 0.00000 0.46286
MODE 6
FREQ 186.222800
VECTOR
-0.00000 0.00000 0.00004
0.00000 -0.40826 0.28867
0.00000 0.40826 0.28867
-0.40825 -0.00000 -0.28867
0.40825 -0.00000 -0.28867
MODE 7
FREQ 482.805900
VECTOR
-0.00000 -0.00000 0.99124
0.00000 0.04288 -0.05023
0.00000 -0.04288 -0.05023
-0.04288 0.00000 -0.05022
0.04288 0.00000 -0.05022
MODE 8
FREQ 482.830500
VECTOR
0.00000 0.99124 0.00000
-0.00000 -0.08055 0.04288
0.00000 -0.08055 -0.04288
-0.00000 -0.01990 -0.00000
0.00000 -0.01990 -0.00000
MODE 9
FREQ 482.841800
VECTOR
0.99124 -0.00000 0.00000
-0.01990 0.00000 -0.00000
-0.01990 -0.00000 -0.00000
-0.08055 -0.00000 -0.04288
-0.08055 0.00000 0.04288
END_MOLECULE_DATA
