3 0 OCl2
 1 2 1.0 3 1.0
 2
 3
      1          8           0       -0.000000    0.000000    0.897393
      2         17           0       -0.000000    1.509316   -0.211151
      3         17           0       -0.000000   -1.509316   -0.211151
                                1         2         3
                               A1        A1        B2
        Frequencies ---  254.9886  539.4137  638.9297
     Reduced masses ---   29.6417   19.5824   18.6267
    Force constants ---    1.1355    3.3571    4.4801
     IR Intensities ---    0.0000    0.0000    0.0000
 Coord Atom Element:
   1     1     8  -0.00000   0.00000   0.00000
   2     1     8  -0.00000  -0.00000   0.92806
   3     1     8  -0.52987   0.90051   0.00000
   1     2    17   0.00000  -0.00000   0.00000
   2     2    17   0.58731   0.22830  -0.21225
   3     2    17   0.12118  -0.20595   0.15589
   1     3    17  -0.00000  -0.00000  -0.00000
   2     3    17  -0.58731  -0.22830  -0.21225
   3     3    17   0.12118  -0.20595  -0.15589
