5 0 ocl4
 1 2 1.0 3 1.0 4 1.0 5 1.0
 2
 3
 4
 5
      1          8           0       -0.000000    0.000000   -0.000559
      2         17           0        0.000000   -1.721710   -1.216657
      3         17           0       -0.000000    1.721710   -1.216657
      4         17           0       -1.720839   -0.000000    1.216789
      5         17           0        1.720839    0.000000    1.216789
                                1         2         3         4         5
                               A1        A2        A1        B1        B2
        Frequencies ---  104.6371  104.6911  106.1571  106.1802  106.3335
     Reduced masses ---   34.9493   34.9689   32.4703   32.4545   32.4555
    Force constants ---    0.2255    0.2258    0.2156    0.2156    0.2162
     IR Intensities ---    0.0000    0.0000    0.0000    0.0000    0.0000
 Coord Atom Element:
   1     1     8  -0.00000  -0.00000   0.00000  -0.36403  -0.00000
   2     1     8  -0.00000   0.00000   0.00000  -0.00000   0.36396
   3     1     8  -0.03209  -0.00000  -0.36289  -0.00000   0.00000
   1     2    17   0.00000   0.49987  -0.00000   0.36963   0.00000
   2     2    17  -0.32804   0.00000  -0.43888  -0.00000   0.28645
   3     2    17   0.41039   0.00000   0.00835  -0.00000   0.46373
   1     3    17   0.00000  -0.49987  -0.00000   0.36963   0.00000
   2     3    17   0.32803   0.00000   0.43888   0.00000   0.28645
   3     3    17   0.41039  -0.00000   0.00835   0.00000  -0.46372
   1     4    17  -0.24701  -0.00000   0.48570  -0.28637  -0.00000
   2     4    17   0.00000   0.50013  -0.00000  -0.00000  -0.36969
   3     4    17  -0.40305   0.00000   0.07465   0.46380  -0.00000
   1     5    17   0.24701  -0.00000  -0.48570  -0.28637   0.00000
   2     5    17   0.00000  -0.50013  -0.00000   0.00000  -0.36969
   3     5    17  -0.40305  -0.00000   0.07465  -0.46380  -0.00000
                                6         7         8         9
                               A1        A1        B2        B1
        Frequencies ---  254.0593  550.7257  550.7429  551.0618
     Reduced masses ---   34.9689   17.5987   17.5981   17.5984
    Force constants ---    1.3298    3.1449    3.1450    3.1486
     IR Intensities ---    0.0000    0.0000    0.0000    0.0000
 Coord Atom Element:
   1     1     8  -0.00000  -0.00000   0.00000   0.95681
   2     1     8   0.00000   0.00001   0.95682  -0.00000
   3     1     8  -0.00034   0.95680  -0.00001   0.00000
   1     2    17   0.00000   0.00000  -0.00000  -0.04178
   2     2    17   0.40830  -0.09568  -0.17711  -0.00000
   3     2    17   0.28866  -0.10931  -0.09560  -0.00000
   1     3    17   0.00000   0.00000  -0.00000  -0.04178
   2     3    17  -0.40830   0.09568  -0.17711   0.00000
   3     3    17   0.28866  -0.10931   0.09560  -0.00000
   1     4    17   0.40827   0.09574  -0.00000  -0.17705
   2     4    17  -0.00000  -0.00000  -0.04172   0.00000
   3     4    17  -0.28859  -0.10952   0.00000   0.09573
   1     5    17  -0.40827  -0.09574   0.00000  -0.17705
   2     5    17  -0.00000  -0.00000  -0.04172   0.00000
   3     5    17  -0.28859  -0.10952   0.00000  -0.09573
