MOLECULE_DATA
NATOMS 5
ATOMS O Cl Cl Cl Cl
COORDINATES (Angstrom)
-0.000000 0.000000 -0.000559
0.000000 -1.721710 -1.216657
-0.000000 1.721710 -1.216657
-1.720839 -0.000000 1.216789
1.720839 0.000000 1.216789
BONDS (AtomIndex1 AtomIndex2) [1-based]
1 2
1 3
1 4
1 5
NUM_MODES 9
MODE 1
FREQ 104.637100
VECTOR
-0.00000 -0.00000 -0.03209
0.00000 -0.32804 0.41039
0.00000 0.32803 0.41039
-0.24701 0.00000 -0.40305
0.24701 0.00000 -0.40305
MODE 2
FREQ 104.691100
VECTOR
-0.00000 0.00000 -0.00000
0.49987 0.00000 0.00000
-0.49987 0.00000 -0.00000
-0.00000 0.50013 0.00000
-0.00000 -0.50013 -0.00000
MODE 3
FREQ 106.157100
VECTOR
0.00000 0.00000 -0.36289
-0.00000 -0.43888 0.00835
-0.00000 0.43888 0.00835
0.48570 -0.00000 0.07465
-0.48570 -0.00000 0.07465
MODE 4
FREQ 106.180200
VECTOR
-0.36403 -0.00000 -0.00000
0.36963 -0.00000 -0.00000
0.36963 0.00000 0.00000
-0.28637 -0.00000 0.46380
-0.28637 0.00000 -0.46380
MODE 5
FREQ 106.333500
VECTOR
-0.00000 0.36396 0.00000
0.00000 0.28645 0.46373
0.00000 0.28645 -0.46372
-0.00000 -0.36969 -0.00000
0.00000 -0.36969 -0.00000
MODE 6
FREQ 254.059300
VECTOR
-0.00000 0.00000 -0.00034
0.00000 0.40830 0.28866
0.00000 -0.40830 0.28866
0.40827 -0.00000 -0.28859
-0.40827 -0.00000 -0.28859
MODE 7
FREQ 550.725700
VECTOR
-0.00000 0.00001 0.95680
0.00000 -0.09568 -0.10931
0.00000 0.09568 -0.10931
0.09574 -0.00000 -0.10952
-0.09574 -0.00000 -0.10952
MODE 8
FREQ 550.742900
VECTOR
0.00000 0.95682 -0.00001
-0.00000 -0.17711 -0.09560
-0.00000 -0.17711 0.09560
-0.00000 -0.04172 0.00000
0.00000 -0.04172 0.00000
MODE 9
FREQ 551.061800
VECTOR
0.95681 -0.00000 0.00000
-0.04178 -0.00000 -0.00000
-0.04178 0.00000 -0.00000
-0.17705 0.00000 0.09573
-0.17705 0.00000 -0.09573
END_MOLECULE_DATA
