3 0 OF2_MP2_3-21G
 1 2 1.0 3 1.0
 2
 3
      1          8           0       -0.000000    0.000000    0.659032
      2          9           0       -0.000000    1.152275   -0.292903
      3          9           0       -0.000000   -1.152275   -0.292903
                                1         2         3
                               A1        A1        B2
        Frequencies ---  387.8400  945.2852  967.2963
     Reduced masses ---   18.3808   17.2941   17.1169
    Force constants ---    1.6290    9.1049    9.4361
     IR Intensities ---    0.0000    0.0000    0.0000
 Coord Atom Element:
   1     1     8  -0.00000   0.00000   0.00000
   2     1     8   0.00000   0.00000   0.79149
   3     1     8  -0.45346   0.75329  -0.00000
   1     2     9   0.00000  -0.00000  -0.00000
   2     2     9   0.60063   0.34018  -0.33318
   3     2     9   0.19088  -0.31710   0.27525
   1     3     9  -0.00000  -0.00000  -0.00000
   2     3     9  -0.60063  -0.34018  -0.33318
   3     3     9   0.19088  -0.31710  -0.27525
