5 0 of4
 1 2 1.0 3 1.0 4 1.0 5 1.0
 2
 3
 4
 5
      1          8           0        0.000000    0.000000    0.428042
      2          9           0        0.000000    1.564075   -0.095110
      3          9           0       -1.564430    0.000000   -0.095131
      4          9           0        1.564430   -0.000000   -0.095131
      5          9           0       -0.000000   -1.564075   -0.095110
                                1         2         3         4         5
                               A1        B1        B2        A1        A2
        Frequencies ---   26.8438  396.9640  397.0981  424.9589  445.2353
     Reduced masses ---   18.9984   18.9512   18.9523   18.9984   18.9984
    Force constants ---    0.0081    1.7595    1.7608    2.0214    2.2189
     IR Intensities ---    0.0000    0.0000    0.0000    0.0000    0.0000
 Coord Atom Element:
   1     1     8   0.00000   0.12531  -0.00000  -0.00000   0.00000
   2     1     8   0.00000   0.00000   0.12384   0.00000   0.00000
   3     1     8  -0.00024   0.00000   0.00000  -0.00278   0.00000
   1     2     9   0.00000   0.46883  -0.00000  -0.00000   0.50006
   2     2     9   0.24074  -0.00000  -0.52138   0.43827  -0.00000
   3     2     9   0.43828   0.00000   0.01743  -0.24015   0.00000
   1     3     9   0.24074  -0.52157  -0.00000   0.43818  -0.00000
   2     3     9   0.00000   0.00000   0.46925   0.00000  -0.49994
   3     3     9  -0.43818  -0.01765  -0.00000   0.24132  -0.00000
   1     4     9  -0.24074  -0.52157   0.00000  -0.43818  -0.00000
   2     4     9   0.00000   0.00000   0.46925   0.00000   0.49994
   3     4     9  -0.43818   0.01765  -0.00000   0.24132   0.00000
   1     5     9   0.00000   0.46883  -0.00000  -0.00000  -0.50006
   2     5     9  -0.24074  -0.00000  -0.52138  -0.43827   0.00000
   3     5     9   0.43828  -0.00000  -0.01743  -0.24015   0.00000
                                6         7         8         9
                               A1        B1        B2        A1
        Frequencies ---  456.5330  558.0125  558.1437  606.9029
     Reduced masses ---   17.5382   16.5660   16.5652   17.7246
    Force constants ---    2.1537    3.0392    3.0405    3.8465
     IR Intensities ---    0.0000    0.0000    0.0000    0.0000
 Coord Atom Element:
   1     1     8   0.00000   0.89992   0.00000   0.00000
   2     1     8  -0.00000  -0.00000   0.90007  -0.00000
   3     1     8   0.69725  -0.00000   0.00000   0.65125
   1     2     9  -0.00000  -0.24969  -0.00000   0.00000
   2     2     9  -0.32606   0.00000  -0.12988   0.35463
   3     2     9  -0.14717  -0.00000   0.12673  -0.13743
   1     3     9   0.32792  -0.12914   0.00000  -0.35299
   2     3     9  -0.00000   0.00000  -0.24901   0.00000
   3     3     9  -0.14634  -0.12668   0.00000  -0.13671
   1     4     9  -0.32792  -0.12914  -0.00000   0.35299
   2     4     9  -0.00000   0.00000  -0.24901   0.00000
   3     4     9  -0.14634   0.12668   0.00000  -0.13671
   1     5     9  -0.00000  -0.24969  -0.00000   0.00000
   2     5     9   0.32606   0.00000  -0.12988  -0.35463
   3     5     9  -0.14717   0.00000  -0.12673  -0.13743
