5 0 oh4
 1 5 1.0
 2 5 1.0
 3 5 1.0
 4 5 1.0
 5
      1          1           0       -0.000000   -0.798544   -0.493698
      2          1           0       -1.632409    0.000000    0.025609
      3          1           0        1.632409   -0.000000    0.025609
      4          1           0        0.000000    0.798544   -0.493698
      5          8           0        0.000000   -0.000000    0.117022
                                1         2         3         4         5
                               B1        A1        B2        A2        A1
        Frequencies --- -303.2579  631.9641  670.1997  725.4169 1031.3866
     Reduced masses ---    1.2067    1.0957    1.0932    1.0078    1.0120
    Force constants ---    0.0654    0.2578    0.2893    0.3125    0.6343
     IR Intensities ---    0.0000    0.0000    0.0000    0.0000    0.0000
 Coord Atom Element:
   1     1     1   0.56305  -0.00000   0.00000   0.63518  -0.00000
   2     1     1   0.00000  -0.01837  -0.09905   0.00000   0.00308
   3     1     1   0.00000  -0.07961   0.00416   0.00000  -0.01102
   1     2     1   0.35113   0.13406   0.00000   0.00000   0.69628
   2     2     1  -0.00000  -0.00000   0.69809   0.31072   0.00000
   3     2     1   0.23031   0.68733   0.00000   0.00000  -0.12216
   1     3     1   0.35113  -0.13406   0.00000   0.00000  -0.69628
   2     3     1   0.00000  -0.00000   0.69809  -0.31072   0.00000
   3     3     1  -0.23031   0.68733   0.00000  -0.00000  -0.12216
   1     4     1   0.56305   0.00000   0.00000  -0.63518   0.00000
   2     4     1   0.00000   0.01837  -0.09905  -0.00000  -0.00308
   3     4     1   0.00000  -0.07961  -0.00416   0.00000  -0.01102
   1     5     8  -0.11520   0.00000  -0.00000  -0.00000   0.00000
   2     5     8   0.00000   0.00000  -0.07549  -0.00000  -0.00000
   3     5     8  -0.00000  -0.07658  -0.00000  -0.00000   0.01678
                                6         7         8         9
                               B1        A1        A1        B2
        Frequencies --- 1234.8267 1646.4986 3333.9272 3509.0690
     Reduced masses ---    1.0194    1.0877    1.0399    1.0862
    Force constants ---    0.9158    1.7373    6.8099    7.8806
     IR Intensities ---    0.0000    0.0000    0.0000    0.0000
 Coord Atom Element:
   1     1     1  -0.37122  -0.00000   0.00000  -0.00000
   2     1     1   0.00000  -0.38523  -0.61130   0.55926
   3     1     1  -0.00000   0.59016  -0.35335   0.42941
   1     2     1   0.59214   0.02308  -0.01412   0.00000
   2     2     1  -0.00000  -0.00000   0.00000   0.01472
   3     2     1  -0.10572  -0.01098  -0.01362   0.00000
   1     3     1   0.59214  -0.02308   0.01412  -0.00000
   2     3     1   0.00000  -0.00000   0.00000   0.01472
   3     3     1   0.10572  -0.01098  -0.01362   0.00000
   1     4     1  -0.37122  -0.00000  -0.00000  -0.00000
   2     4     1  -0.00000   0.38523   0.61130   0.55926
   3     4     1  -0.00000   0.59016  -0.35335  -0.42941
   1     5     8  -0.02784   0.00000  -0.00000   0.00000
   2     5     8   0.00000   0.00000  -0.00000  -0.07233
   3     5     8   0.00000  -0.07299   0.04624  -0.00000
