4 0 PBr3
 1 2 1.0 3 1.0 4 1.0
 2
 3
 4
      1         15           0        0.000000    0.000000    0.943208
      2         35           0       -0.000000    2.146585   -0.134744
      3         35           0        1.858997   -1.073293   -0.134744
      4         35           0       -1.858997   -1.073293   -0.134744
                                1         2         3         4         5
                                E         E        A1        A1         E
        Frequencies ---   95.7287   95.7287  133.2493  324.0025  347.9996
     Reduced masses ---   72.4126   72.4126   64.9010   36.6576   35.8146
    Force constants ---    0.3910    0.3910    0.6789    2.2673    2.5555
     IR Intensities ---    0.0000    0.0000    0.0000    0.0000    0.0000
 Coord Atom Element:
   1     1    15  -0.27548   0.24454  -0.00000   0.00000   0.70577
   2     1    15  -0.24454  -0.27548  -0.00000   0.00000   0.63318
   3     1    15   0.00000   0.00000  -0.54071   0.93886  -0.00000
   1     2    35   0.43501  -0.38616   0.00000   0.00000  -0.01603
   2     2    35  -0.32217  -0.36293   0.48049   0.15630  -0.15129
   3     2    35  -0.03213  -0.03620   0.07074  -0.12283   0.08320
   1     3    35   0.14327   0.49061   0.41612   0.13536  -0.07120
   2     3    35   0.55459  -0.07119  -0.24025  -0.07815   0.01747
   3     3    35  -0.01528   0.04593   0.07074  -0.12283   0.03871
   1     4    35  -0.47016  -0.20043  -0.41612  -0.13536  -0.18977
   2     4    35  -0.13644   0.54224  -0.24025  -0.07815  -0.11469
   3     4    35   0.04741  -0.00973   0.07074  -0.12283  -0.12191
                                6
                                E
        Frequencies ---  347.9996
     Reduced masses ---   35.8146
    Force constants ---    2.5555
     IR Intensities ---    0.0000
 Coord Atom Element:
   1     1    15  -0.63318
   2     1    15   0.70577
   3     1    15  -0.00000
   1     2    35   0.01438
   2     2    35  -0.16864
   3     2    35   0.09273
   1     3    35   0.18314
   2     3    35  -0.11347
   3     3    35  -0.11842
   1     4    35   0.05098
   2     4    35   0.00510
   3     4    35   0.02568
