MOLECULE_DATA
NATOMS 4
ATOMS P Br Br Br
COORDINATES (Angstrom)
0.000000 0.000000 0.943208
-0.000000 2.146585 -0.134744
1.858997 -1.073292 -0.134744
-1.858997 -1.073292 -0.134744
BONDS (AtomIndex1 AtomIndex2) [1-based]
1 2
1 3
1 4
NUM_MODES 6
MODE 1
FREQ 95.728700
VECTOR
-0.29273 -0.22361 -0.00000
0.46224 -0.29460 -0.02938
0.10679 0.55833 -0.01862
-0.45414 -0.17597 0.04800
MODE 2
FREQ 95.728700
VECTOR
-0.22361 0.29273 0.00000
0.35311 0.38565 0.03846
-0.49982 0.03019 -0.04468
0.23448 -0.53073 0.00621
MODE 3
FREQ 133.249300
VECTOR
0.00000 0.00000 -0.54071
-0.00000 0.48049 0.07074
0.41612 -0.24025 0.07074
-0.41612 -0.24025 0.07074
MODE 4
FREQ 324.002500
VECTOR
0.00000 0.00000 0.93886
-0.00000 0.15630 -0.12283
0.13536 -0.07815 -0.12283
-0.13536 -0.07815 -0.12283
MODE 5
FREQ 347.999500
VECTOR
0.86912 0.37902 -0.00000
-0.01974 -0.09056 0.04980
-0.12520 0.05228 0.07400
-0.19617 -0.11047 -0.12380
MODE 6
FREQ 347.999500
VECTOR
-0.37902 0.86912 -0.00000
0.00861 -0.20767 0.11420
0.15145 -0.10221 -0.10023
-0.01130 -0.03124 -0.01397
END_MOLECULE_DATA
