4 0 PCl3-6-311g
 1 2 1.0 3 1.0 4 1.0
 2
 3
 4
      1         15           0        0.000000    0.000000    0.814112
      2         17           0        0.000000    1.999812   -0.239445
      3         17           0        1.731888   -0.999906   -0.239445
      4         17           0       -1.731888   -0.999906   -0.239445
                                1         2         3         4         5
                                E         E        A1        A1         E
        Frequencies ---  149.1898  149.1898  198.9581  408.4239  412.4784
     Reduced masses ---   34.5677   34.5677   33.9340   32.7091   32.4751
    Force constants ---    0.4533    0.4533    0.7914    3.2147    3.2554
     IR Intensities ---    0.0000    0.0000    0.0000    0.0000    0.0000
 Coord Atom Element:
   1     1    15   0.16752  -0.26899   0.00000   0.00000   0.58047
   2     1    15   0.26899   0.16752   0.00000  -0.00000   0.53598
   3     1    15   0.00000   0.00000  -0.50895   0.75208  -0.00000
   1     2    17  -0.33229   0.53357  -0.00000  -0.00000  -0.02327
   2     2    17   0.37473   0.23337   0.47372   0.30901  -0.29501
   3     2    17   0.08368   0.05211   0.15027  -0.22205   0.16674
   1     3    17  -0.30135  -0.39260   0.41025   0.26761  -0.12700
   2     3    17  -0.55144   0.20243  -0.23686  -0.15450   0.03840
   3     3    17   0.00329  -0.09853   0.15027  -0.22205   0.07302
   1     4    17   0.48526   0.09728  -0.41025  -0.26761  -0.36388
   2     4    17  -0.06155  -0.58418  -0.23686  -0.15450  -0.21814
   3     4    17  -0.08697   0.04641   0.15027  -0.22205  -0.23976
                                6
                                E
        Frequencies ---  412.4784
     Reduced masses ---   32.4751
    Force constants ---    3.2554
     IR Intensities ---    0.0000
 Coord Atom Element:
   1     1    15  -0.53598
   2     1    15   0.58047
   3     1    15   0.00000
   1     2    17   0.02149
   2     2    17  -0.31950
   3     2    17   0.18058
   1     3    17   0.35490
   2     3    17  -0.21577
   3     3    17  -0.23469
   1     4    17   0.09836
   2     4    17   0.02111
   3     4    17   0.05411
