4 0 PCl3
 1 2 1.0 3 1.0 4 1.0
 2
 3
 4
      1         15           0        0.000000    0.000000    0.814112
      2         17           0       -0.000000    1.999812   -0.239445
      3         17           0        1.731888   -0.999906   -0.239445
      4         17           0       -1.731888   -0.999906   -0.239445
                                1         2         3         4         5
                                E         E        A1        A1         E
        Frequencies ---  149.1897  149.1897  198.9581  408.4239  412.4784
     Reduced masses ---   34.5677   34.5677   33.9340   32.7091   32.4751
    Force constants ---    0.4533    0.4533    0.7914    3.2147    3.2554
     IR Intensities ---    0.0000    0.0000    0.0000    0.0000    0.0000
 Coord Atom Element:
   1     1    15  -0.26302   0.17674   0.00000  -0.00000   0.76707
   2     1    15  -0.17674  -0.26302  -0.00000   0.00000  -0.18927
   3     1    15   0.00000  -0.00000   0.50895   0.75208   0.00000
   1     2    17   0.52173  -0.35058  -0.00000   0.00000  -0.03075
   2     2    17  -0.24622  -0.36642  -0.47372   0.30901   0.10418
   3     2    17  -0.05498  -0.08182  -0.15027  -0.22205  -0.05888
   1     3    17   0.11404   0.48160  -0.41025   0.26761  -0.36617
   2     3    17   0.58597   0.04127   0.23686  -0.15450   0.20124
   3     3    17  -0.04337   0.08853  -0.15027  -0.22205   0.23610
   1     4    17  -0.40280  -0.28756   0.41025  -0.26761  -0.28252
   2     4    17  -0.18320   0.55812   0.23686  -0.15450  -0.13777
   3     4    17   0.09835  -0.00670  -0.15027  -0.22205  -0.17722
                                6
                                E
        Frequencies ---  412.4784
     Reduced masses ---   32.4751
    Force constants ---    3.2554
     IR Intensities ---    0.0000
 Coord Atom Element:
   1     1    15   0.18927
   2     1    15   0.76707
   3     1    15  -0.00000
   1     2    17  -0.00759
   2     2    17  -0.42221
   3     2    17   0.23863
   1     3    17   0.08948
   2     3    17  -0.08679
   3     3    17  -0.06832
   1     4    17  -0.24954
   2     4    17  -0.17044
   3     4    17  -0.17031
