6 0 PCl5
 1 2 1.0 3 1.0 4 1.0 5 1.0 6 1.0
 2
 3
 4
 5
 6
      1         15           0        0.000000    0.000000    0.000000
      2         17           0        0.000000    2.256507    0.000000
      3         17           0       -1.954193   -1.128254    0.000000
      4         17           0        1.954193   -1.128254    0.000000
      5         17           0        0.000000    0.000000    2.356814
      6         17           0        0.000000    0.000000   -2.356814
                                1         2         3         4         5
                               E'        E'        E"        E"        E'
        Frequencies ---   58.6946   58.6946  189.6297  189.6297  194.7376
     Reduced masses ---   34.9507   34.9507   34.9689   34.9689   34.3391
    Force constants ---    0.0709    0.0709    0.7409    0.7409    0.7673
     IR Intensities ---    0.0000    0.0000    0.0000    0.0000    0.0000
 Coord Atom Element:
   1     1    15   0.01996  -0.06430  -0.00000  -0.00000  -0.39587
   2     1    15  -0.06430  -0.01996  -0.00000   0.00000  -0.03021
   3     1    15   0.00000   0.00000  -0.00000   0.00000   0.00000
   1     2    17  -0.20206   0.65093   0.00000   0.00000   0.16498
   2     2    17  -0.15425  -0.04788  -0.00000   0.00000  -0.03971
   3     2    17   0.00000   0.00000  -0.22244   0.58786   0.00000
   1     3    17  -0.36326  -0.06119  -0.00000   0.00000  -0.37168
   2     3    17   0.55786  -0.20908  -0.00000  -0.00000  -0.29725
   3     3    17  -0.00000  -0.00000   0.62032  -0.10129  -0.00000
   1     4    17   0.33405   0.15527  -0.00000  -0.00000  -0.32639
   2     4    17   0.34141   0.48823   0.00000   0.00000   0.29628
   3     4    17  -0.00000   0.00000  -0.39788  -0.48657   0.00000
   1     5    17   0.10679  -0.34403  -0.42213  -0.15973   0.44187
   2     5    17  -0.34403  -0.10679  -0.15973   0.42213   0.03372
   3     5    17  -0.00000  -0.00000  -0.00000   0.00000  -0.00000
   1     6    17   0.10679  -0.34403   0.42213   0.15973   0.44187
   2     6    17  -0.34403  -0.10679   0.15973  -0.42213   0.03372
   3     6    17   0.00000   0.00000  -0.00000   0.00000   0.00000
                                6         7         8         9        10
                               E'       A2"       A1'       A1'       A2"
        Frequencies ---  194.7376  221.3165  249.8543  288.4517  407.9161
     Reduced masses ---   34.3391   34.5214   34.9689   34.9689   31.8881
    Force constants ---    0.7673    0.9962    1.2862    1.7143    3.1262
     IR Intensities ---    0.0000    0.0000    0.0000    0.0000    0.0000
 Coord Atom Element:
   1     1    15  -0.03021   0.00000  -0.00000   0.00000   0.00000
   2     1    15   0.39587   0.00000  -0.00000   0.00000   0.00000
   3     1    15   0.00000   0.33466  -0.00000  -0.00000   0.87814
   1     2    17   0.01259  -0.00000   0.00000  -0.00000  -0.00000
   2     2    17   0.52037  -0.00000  -0.37344   0.44031   0.00000
   3     2    17  -0.00000  -0.39996   0.00000   0.00000  -0.03564
   1     3    17   0.27013   0.00000   0.32341  -0.38132  -0.00000
   2     3    17  -0.01629   0.00000   0.18672  -0.22016  -0.00000
   3     3    17   0.00000  -0.39996   0.00000   0.00000  -0.03564
   1     4    17  -0.32340  -0.00000  -0.32341   0.38132   0.00000
   2     4    17   0.02900   0.00000   0.18672  -0.22016  -0.00000
   3     4    17   0.00000  -0.39996   0.00000   0.00000  -0.03564
   1     5    17   0.03372  -0.00000   0.00000  -0.00000  -0.00000
   2     5    17  -0.44187  -0.00000   0.00000  -0.00000  -0.00000
   3     5    17   0.00000   0.45172   0.53927   0.45737  -0.33545
   1     6    17   0.03372   0.00000   0.00000  -0.00000   0.00000
   2     6    17  -0.44187   0.00000   0.00000  -0.00000   0.00000
   3     6    17  -0.00000   0.45172  -0.53927  -0.45737  -0.33545
                               11        12
                               E'        E'
        Frequencies ---  447.2433  447.2433
     Reduced masses ---   32.0605   32.0605
    Force constants ---    3.7784    3.7784
     IR Intensities ---    0.0000    0.0000
 Coord Atom Element:
   1     1    15   0.77927  -0.34746
   2     1    15   0.34746   0.77927
   3     1    15  -0.00000  -0.00000
   1     2    17  -0.05604   0.02499
   2     2    17  -0.17144  -0.38450
   3     2    17  -0.00000  -0.00000
   1     3    17  -0.36580  -0.00740
   2     3    17  -0.20383  -0.07474
   3     3    17   0.00000   0.00000
   1     4    17  -0.23897   0.27705
   2     4    17   0.08063  -0.20157
   3     4    17  -0.00000   0.00000
   1     5    17  -0.01472   0.00656
   2     5    17  -0.00656  -0.01472
   3     5    17   0.00000   0.00000
   1     6    17  -0.01472   0.00656
   2     6    17  -0.00656  -0.01472
   3     6    17  -0.00000  -0.00000
