MOLECULE_DATA
NATOMS 4
ATOMS P F F F
COORDINATES (Angstrom)
0.000000 0.000000 0.552069
0.000000 1.469796 -0.306705
1.272881 -0.734898 -0.306705
-1.272881 -0.734898 -0.306705
BONDS (AtomIndex1 AtomIndex2) [1-based]
1 2
1 3
1 4
NUM_MODES 6
MODE 1
FREQ 267.705300
VECTOR
0.11215 0.22772 -0.00000
-0.29465 0.35081 0.14461
-0.35508 -0.56344 -0.01063
0.46690 -0.15864 -0.13398
MODE 2
FREQ 267.705300
VECTOR
-0.22772 0.11215 0.00000
0.59832 0.17276 0.07122
-0.31593 0.23319 -0.16085
0.08887 -0.58879 0.08963
MODE 3
FREQ 380.312400
VECTOR
0.00000 0.00000 0.41009
-0.00000 -0.47708 -0.22286
-0.41317 0.23854 -0.22286
0.41317 0.23854 -0.22286
MODE 4
FREQ 802.072600
VECTOR
-0.00000 -0.00000 0.53873
0.00000 0.38842 -0.29277
0.33639 -0.19421 -0.29277
-0.33639 -0.19421 -0.29277
MODE 5
FREQ 804.215500
VECTOR
-0.31726 0.45620 -0.00000
0.01402 -0.47567 0.28971
0.44885 -0.27121 -0.31934
0.05437 0.00313 0.02963
MODE 6
FREQ 804.215500
VECTOR
0.45620 0.31726 0.00000
-0.02016 -0.33081 0.20148
-0.22462 0.10402 0.15016
-0.49897 -0.29046 -0.35163
END_MOLECULE_DATA
