4 0 PF3-6-31g
 1 2 1.0 3 1.0 4 1.0
 2
 3
 4
      1         15           0        0.000000    0.000000    0.552069
      2          9           0        0.000000    1.469796   -0.306705
      3          9           0        1.272881   -0.734898   -0.306705
      4          9           0       -1.272881   -0.734898   -0.306705
                                1         2         3         4         5
                                E         E        A1        A1         E
        Frequencies ---  267.7053  267.7053  380.3124  802.0726  804.2155
     Reduced masses ---   19.7700   19.7700   21.0124   22.4740   22.6960
    Force constants ---    0.8348    0.8348    1.7906    8.5184    8.6486
     IR Intensities ---    0.0000    0.0000    0.0000    0.0000    0.0000
 Coord Atom Element:
   1     1    15   0.11215  -0.22772   0.00000  -0.00000  -0.31726
   2     1    15   0.22772   0.11215   0.00000  -0.00000   0.45620
   3     1    15  -0.00000   0.00000   0.41009   0.53873  -0.00000
   1     2     9  -0.29465   0.59832  -0.00000   0.00000   0.01402
   2     2     9   0.35081   0.17276  -0.47708   0.38842  -0.47567
   3     2     9   0.14461   0.07122  -0.22286  -0.29277   0.28971
   1     3     9  -0.35508  -0.31593  -0.41317   0.33639   0.44885
   2     3     9  -0.56344   0.23319   0.23854  -0.19421  -0.27121
   3     3     9  -0.01063  -0.16085  -0.22286  -0.29277  -0.31934
   1     4     9   0.46690   0.08887   0.41317  -0.33639   0.05437
   2     4     9  -0.15864  -0.58879   0.23854  -0.19421   0.00313
   3     4     9  -0.13398   0.08963  -0.22286  -0.29277   0.02963
                                6
                                E
        Frequencies ---  804.2155
     Reduced masses ---   22.6960
    Force constants ---    8.6486
     IR Intensities ---    0.0000
 Coord Atom Element:
   1     1    15   0.45620
   2     1    15   0.31726
   3     1    15   0.00000
   1     2     9  -0.02016
   2     2     9  -0.33081
   3     2     9   0.20148
   1     3     9  -0.22462
   2     3     9   0.10402
   3     3     9   0.15016
   1     4     9  -0.49897
   2     4     9  -0.29046
   3     4     9  -0.35163
