4 0 PH3
 1 2 1.0 3 1.0 4 1.0
 2
 3
 4
      1         15           0        0.000000    0.000000    0.124659
      2          1           0        0.000000    1.227926   -0.623295
      3          1           0       -1.063415   -0.613963   -0.623295
      4          1           0        1.063415   -0.613963   -0.623295
                                1         2         3         4         5
                               A1         E         E        A1         E
        Frequencies --- 1040.6039 1169.0725 1169.0725 2301.2848 2305.1915
     Reduced masses ---    1.0817    1.0279    1.0279    1.0260    1.0409
    Force constants ---    0.6901    0.8277    0.8277    3.2014    3.2590
     IR Intensities ---    0.0000    0.0000    0.0000    0.0000    0.0000
 Coord Atom Element:
   1     1    15  -0.00000   0.00010  -0.02589  -0.00000  -0.03199
   2     1    15  -0.00000  -0.02589  -0.00010   0.00000   0.00898
   3     1    15  -0.04966   0.00000   0.00000   0.02463  -0.00000
   1     2     1   0.00000  -0.00266   0.72410  -0.00000  -0.02077
   2     2     1   0.27144  -0.19363  -0.00071   0.51910  -0.18990
   3     2     1   0.50875  -0.32312  -0.00119  -0.25233   0.11212
   1     3     1  -0.23507  -0.39752   0.03434  -0.44955   0.41728
   2     3     1  -0.13572   0.49613  -0.39556  -0.25955   0.25874
   3     3     1   0.50875   0.16053   0.28042  -0.25233   0.28974
   1     4     1   0.23507   0.39725   0.03727   0.44955   0.58679
   2     4     1  -0.13572   0.49320   0.39920  -0.25955  -0.34495
   3     4     1   0.50875   0.16259  -0.27924  -0.25233  -0.40186
                                6
                                E
        Frequencies --- 2305.1915
     Reduced masses ---    1.0409
    Force constants ---    3.2590
     IR Intensities ---    0.0000
 Coord Atom Element:
   1     1    15  -0.00898
   2     1    15  -0.03199
   3     1    15   0.00000
   1     2     1  -0.00583
   2     2     1   0.67631
   3     2     1  -0.39930
   1     3     1   0.44282
   2     3     1   0.23825
   3     3     1   0.29675
   1     4     1  -0.16087
   2     4     1   0.06874
   3     4     1   0.10255
