4 0 SbH3
 1 2 1.0 3 1.0 4 1.0
 2
 3
 4
      1         51           0        0.000000    0.000000    0.052499
      2          1           0       -0.000000    1.462793   -0.892483
      3          1           0        1.266816   -0.731397   -0.892483
      4          1           0       -1.266816   -0.731397   -0.892483
                                1         2         3         4         5
                               A1         E         E         E         E
        Frequencies ---  819.1607  832.9185  832.9185 1929.8925 1929.8925
     Reduced masses ---    1.0264    1.0127    1.0127    1.0165    1.0165
    Force constants ---    0.4058    0.4139    0.4139    2.2307    2.2307
     IR Intensities ---    0.0000    0.0000    0.0000    0.0000    0.0000
 Coord Atom Element:
   1     1    51   0.00000  -0.00635  -0.00000   0.00000  -0.00852
   2     1    51  -0.00000   0.00000  -0.00635  -0.00852  -0.00000
   3     1    51  -0.01245  -0.00000   0.00000  -0.00000  -0.00000
   1     2     1  -0.00000   0.71763   0.00002   0.00000  -0.00665
   2     2     1   0.29194   0.00001  -0.20940   0.68774   0.00002
   3     2     1   0.49805   0.00001  -0.32832  -0.43999  -0.00002
   1     3     1   0.25283   0.02234   0.40142  -0.30070   0.51413
   2     3     1  -0.14597   0.40141   0.48588   0.16696  -0.30067
   3     3     1   0.49805  -0.28434   0.16415   0.22001  -0.38104
   1     4     1  -0.25283   0.02237  -0.40142   0.30066   0.51415
   2     4     1  -0.14597  -0.40143   0.48586   0.16694   0.30068
   3     4     1   0.49805   0.28433   0.16417   0.21998   0.38105
                                6
                               A1
        Frequencies --- 1938.4418
     Reduced masses ---    1.0140
    Force constants ---    2.2448
     IR Intensities ---    0.0000
 Coord Atom Element:
   1     1    51   0.00000
   2     1    51  -0.00000
   3     1    51   0.00717
   1     2     1   0.00000
   2     2     1   0.50117
   3     2     1  -0.28661
   1     3     1   0.43403
   2     3     1  -0.25059
   3     3     1  -0.28660
   1     4     1  -0.43403
   2     4     1  -0.25059
   3     4     1  -0.28660
