6 0 SbH5
 1 2 1.0 3 1.0 4 1.0 5 1.0 6 1.0
 2
 3
 4
 5
 6
      1         51           0        0.000000    0.000000    0.000000
      2          1           0        0.000000    1.741808    0.000000
      3          1           0        0.000000    0.000000    1.788450
      4          1           0        0.000000    0.000000   -1.788450
      5          1           0        1.508450   -0.870904    0.000000
      6          1           0       -1.508450   -0.870904    0.000000
                                1         2         3         4         5
                               E'        E'        E'        E'       A2"
        Frequencies ---  463.0381  463.0383  878.2960  878.2960  954.3193
     Reduced masses ---    1.0107    1.0107    1.0350    1.0350    1.0370
    Force constants ---    0.1277    0.1277    0.4704    0.4704    0.5564
     IR Intensities ---    0.0000    0.0000    0.0000    0.0000    0.0000
 Coord Atom Element:
   1     1    51  -0.00000  -0.00494  -0.01506   0.00000   0.00000
   2     1    51  -0.00494   0.00000  -0.00000  -0.01506  -0.00000
   3     1    51   0.00000   0.00000  -0.00000   0.00000  -0.01560
   1     2     1   0.00000   0.76694   0.27085  -0.00000  -0.00000
   2     2     1  -0.05495   0.00000   0.00000   0.04582  -0.00000
   3     2     1   0.00000  -0.00000   0.00000   0.00000   0.57407
   1     3     1  -0.00000  -0.23786   0.66580  -0.00000  -0.00000
   2     3     1  -0.23786   0.00000   0.00000   0.66580   0.00000
   3     3     1  -0.00000   0.00000  -0.00000  -0.00000   0.07451
   1     4     1  -0.00000  -0.23786   0.66580  -0.00000  -0.00000
   2     4     1  -0.23786   0.00000   0.00000   0.66580  -0.00000
   3     4     1   0.00000  -0.00000   0.00000   0.00000   0.07451
   1     5     1   0.35589   0.15052   0.10208   0.09744  -0.00000
   2     5     1   0.56147   0.35589   0.09745   0.21459   0.00000
   3     5     1  -0.00000  -0.00000  -0.00000  -0.00000   0.57407
   1     6     1  -0.35589   0.15052   0.10207  -0.09744   0.00000
   2     6     1   0.56147  -0.35589  -0.09744   0.21459   0.00000
   3     6     1  -0.00000   0.00000   0.00000  -0.00000   0.57407
                                6         7         8         9        10
                               E"        E"       A1'       A2"        E'
        Frequencies --- 1097.1062 1097.1062 1641.9277 1694.9504 1902.9079
     Reduced masses ---    1.0078    1.0078    1.0078    1.0196    1.0185
    Force constants ---    0.7147    0.7147    1.6008    1.7258    2.1730
     IR Intensities ---    0.0000    0.0000    0.0000    0.0000    0.0000
 Coord Atom Element:
   1     1    51  -0.00000  -0.00000  -0.00000  -0.00000  -0.00945
   2     1    51   0.00000  -0.00000  -0.00000   0.00000  -0.00000
   3     1    51   0.00000  -0.00000   0.00000  -0.00991   0.00000
   1     2     1   0.00000   0.00000   0.00000   0.00000   0.02728
   2     2     1   0.00000  -0.00000  -0.31008  -0.00000   0.00000
   3     2     1   0.62414  -0.00001   0.00000  -0.07148  -0.00000
   1     3     1   0.00001   0.45589   0.00000   0.00000  -0.06309
   2     3     1   0.45589  -0.00001   0.00000   0.00000  -0.00000
   3     3     1  -0.00000   0.00000   0.59647   0.70163  -0.00000
   1     4     1  -0.00001  -0.45589   0.00000  -0.00000  -0.06309
   2     4     1  -0.45589   0.00001   0.00000  -0.00000  -0.00000
   3     4     1   0.00000  -0.00000  -0.59647   0.70163   0.00000
   1     5     1  -0.00000   0.00000  -0.26854  -0.00000   0.61638
   2     5     1  -0.00000   0.00000   0.15504   0.00000  -0.34012
   3     5     1  -0.31206   0.54052   0.00000  -0.07148  -0.00000
   1     6     1   0.00000   0.00000   0.26854   0.00000   0.61638
   2     6     1  -0.00000  -0.00000   0.15504   0.00000   0.34012
   3     6     1  -0.31208  -0.54051   0.00000  -0.07148   0.00000
                               11        12
                               E'       A1'
        Frequencies --- 1902.9079 1941.3925
     Reduced masses ---    1.0185    1.0078
    Force constants ---    2.1730    2.2380
     IR Intensities ---    0.0000    0.0000
 Coord Atom Element:
   1     1    51   0.00000  -0.00000
   2     1    51  -0.00945   0.00000
   3     1    51  -0.00000  -0.00000
   1     2     1  -0.00000   0.00000
   2     2     1   0.81275   0.48702
   3     2     1  -0.00000  -0.00000
   1     3     1   0.00000  -0.00000
   2     3     1  -0.06309  -0.00000
   3     3     1   0.00000   0.37977
   1     4     1   0.00000  -0.00000
   2     4     1  -0.06309  -0.00000
   3     4     1  -0.00000  -0.37977
   1     5     1  -0.34012   0.42177
   2     5     1   0.22365  -0.24351
   3     5     1   0.00000  -0.00000
   1     6     1   0.34012  -0.42177
   2     6     1   0.22364  -0.24351
   3     6     1   0.00000  -0.00000
