MOLECULE_DATA
NATOMS 6
ATOMS Sb H H H H H
COORDINATES (Angstrom)
0.000000 0.000000 0.000000
0.000000 1.741808 0.000000
0.000000 0.000000 1.788450
0.000000 0.000000 -1.788450
1.508450 -0.870904 0.000000
-1.508450 -0.870904 0.000000
BONDS (AtomIndex1 AtomIndex2) [1-based]
1 2
1 3
1 4
1 5
1 6
NUM_MODES 12
MODE 1
FREQ 463.038100
VECTOR
0.00000 0.00494 -0.00000
-0.00000 0.05495 -0.00000
0.00000 0.23786 0.00000
0.00000 0.23786 -0.00000
-0.35589 -0.56147 0.00000
0.35589 -0.56147 0.00000
MODE 2
FREQ 463.038300
VECTOR
-0.00494 0.00000 0.00000
0.76694 0.00000 -0.00000
-0.23786 0.00000 0.00000
-0.23786 0.00000 -0.00000
0.15052 0.35589 -0.00000
0.15052 -0.35589 0.00000
MODE 3
FREQ 878.296000
VECTOR
0.01506 0.00000 0.00000
-0.27085 -0.00000 -0.00000
-0.66580 -0.00001 0.00000
-0.66580 -0.00001 -0.00000
-0.10208 -0.09745 0.00000
-0.10207 0.09744 -0.00000
MODE 4
FREQ 878.296000
VECTOR
-0.00000 0.01506 -0.00000
0.00000 -0.04582 -0.00000
0.00001 -0.66580 0.00000
0.00001 -0.66580 -0.00000
-0.09744 -0.21459 0.00000
0.09745 -0.21460 0.00000
MODE 5
FREQ 954.319300
VECTOR
-0.00000 0.00000 0.01560
0.00000 0.00000 -0.57407
0.00000 -0.00000 -0.07451
0.00000 0.00000 -0.07451
0.00000 -0.00000 -0.57407
-0.00000 -0.00000 -0.57407
MODE 6
FREQ 1097.106200
VECTOR
-0.00000 0.00000 0.00000
0.00000 0.00000 0.62414
0.00003 0.45589 -0.00000
-0.00003 -0.45589 0.00000
-0.00000 -0.00000 -0.31203
0.00000 -0.00000 -0.31210
MODE 7
FREQ 1097.106200
VECTOR
0.00000 0.00000 0.00000
-0.00000 0.00000 0.00004
-0.45589 0.00003 -0.00000
0.45589 -0.00003 -0.00000
-0.00000 -0.00000 -0.54054
-0.00000 0.00000 0.54050
MODE 8
FREQ 1641.927700
VECTOR
-0.00000 -0.00000 0.00000
0.00000 -0.31008 0.00000
-0.00000 0.00000 0.59647
-0.00000 0.00000 -0.59647
-0.26854 0.15504 0.00000
0.26854 0.15504 0.00000
MODE 9
FREQ 1694.950400
VECTOR
0.00000 -0.00000 0.00991
-0.00000 0.00000 0.07148
0.00000 -0.00000 -0.70163
-0.00000 0.00000 -0.70163
0.00000 -0.00000 0.07148
-0.00000 -0.00000 0.07148
MODE 10
FREQ 1902.907900
VECTOR
0.00945 0.00000 -0.00000
-0.02728 -0.00001 0.00000
0.06309 0.00000 0.00000
0.06309 0.00000 -0.00000
-0.61638 0.34012 0.00000
-0.61638 -0.34012 -0.00000
MODE 11
FREQ 1902.907900
VECTOR
0.00000 -0.00945 -0.00000
-0.00000 0.81275 -0.00000
0.00000 -0.06309 0.00000
0.00000 -0.06309 -0.00000
-0.34012 0.22365 0.00000
0.34011 0.22364 0.00000
MODE 12
FREQ 1941.392500
VECTOR
-0.00000 0.00000 -0.00000
0.00000 0.48702 -0.00000
-0.00000 -0.00000 0.37977
-0.00000 -0.00000 -0.37977
0.42177 -0.24351 -0.00000
-0.42177 -0.24351 -0.00000
END_MOLECULE_DATA
