MOLECULE_DATA
NATOMS 5
ATOMS S Br Br Br Br
COORDINATES (Angstrom)
0.000000 0.000000 0.479743
0.000000 2.496803 0.787326
1.733529 -0.000000 -0.896981
-0.000000 -2.496803 0.787326
-1.733529 0.000000 -0.896981
BONDS (AtomIndex1 AtomIndex2) [1-based]
1 2
1 3
1 4
1 5
NUM_MODES 9
MODE 1
FREQ 54.259800
VECTOR
-0.00000 0.00000 -0.23978
0.00000 -0.10816 0.49465
-0.12602 -0.00000 -0.44608
0.00000 0.10816 0.49465
0.12602 -0.00000 -0.44608
MODE 2
FREQ 85.954300
VECTOR
-0.48397 0.00000 0.00000
0.41706 0.00000 -0.00000
-0.31903 0.00000 0.32736
0.41706 -0.00000 -0.00000
-0.31903 -0.00000 -0.32736
MODE 3
FREQ 99.251500
VECTOR
0.00000 -0.00000 -0.00000
0.40327 -0.00000 -0.00000
0.00000 0.58084 -0.00000
-0.40327 -0.00000 0.00000
0.00000 -0.58084 0.00000
MODE 4
FREQ 125.212900
VECTOR
-0.00000 -0.29478 0.00000
-0.00000 -0.39696 -0.30071
-0.00000 0.45667 -0.00000
0.00000 -0.39696 0.30071
0.00000 0.45667 -0.00000
MODE 5
FREQ 135.073600
VECTOR
-0.00000 -0.00000 -0.36820
0.00000 -0.43669 0.03159
0.48854 0.00000 0.04299
-0.00000 0.43669 0.03159
-0.48854 0.00000 0.04299
MODE 6
FREQ 152.877200
VECTOR
0.00000 -0.00000 -0.41411
-0.00000 0.50143 0.12703
0.38057 -0.00000 -0.04314
0.00000 -0.50143 0.12703
-0.38057 0.00000 -0.04314
MODE 7
FREQ 360.371400
VECTOR
-0.00000 0.96974 -0.00000
0.00000 -0.17055 -0.00674
-0.00000 -0.02589 0.00000
0.00000 -0.17055 0.00674
0.00000 -0.02589 0.00000
MODE 8
FREQ 392.232200
VECTOR
0.00000 0.00000 0.93767
-0.00000 0.01500 -0.01677
0.17288 0.00000 -0.17317
-0.00000 -0.01500 -0.01677
-0.17288 0.00000 -0.17317
MODE 9
FREQ 411.140500
VECTOR
0.94934 0.00000 -0.00000
-0.01734 -0.00000 -0.00000
-0.17497 -0.00000 0.13588
-0.01734 -0.00000 -0.00000
-0.17497 0.00000 -0.13588
END_MOLECULE_DATA
