5 0 SCl4
 1 2 1.0 3 1.0 4 1.0 5 1.0
 2
 3
 4
 5
      1         16           0        0.000000    0.000000    0.454397
      2         17           0        0.000000    2.290741    0.596947
      3         17           0        1.602699   -0.000000   -0.810781
      4         17           0       -1.602699    0.000000   -0.810781
      5         17           0       -0.000000   -2.290741    0.596947
                                1         2         3         4         5
                               A1        B1        A2        B2        A1
        Frequencies ---  106.1757  158.6912  195.1435  232.8573  237.7936
     Reduced masses ---   34.8985   34.3817   34.9689   34.8183   34.4450
    Force constants ---    0.2318    0.5101    0.7846    1.1123    1.1476
     IR Intensities ---    0.0000    0.0000    0.0000    0.0000    0.0000
 Coord Atom Element:
   1     1    16   0.00000  -0.44263   0.00000  -0.00000   0.00000
   2     1    16   0.00000   0.00000   0.00000  -0.22415   0.00000
   3     1    16  -0.15323  -0.00000  -0.00000  -0.00000  -0.41810
   1     2    17  -0.00000   0.49291   0.40536   0.00000  -0.00000
   2     2    17  -0.02835   0.00000  -0.00000  -0.38645  -0.31625
   3     2    17   0.50366   0.00000   0.00000  -0.29408   0.16914
   1     3    17  -0.21394  -0.29057   0.00000   0.00000   0.53244
   2     3    17  -0.00000   0.00000   0.57938   0.48892  -0.00000
   3     3    17  -0.43361   0.27322  -0.00000  -0.00000   0.02199
   1     4    17   0.21394  -0.29057   0.00000  -0.00000  -0.53244
   2     4    17  -0.00000  -0.00000  -0.57938   0.48892  -0.00000
   3     4    17  -0.43361  -0.27322   0.00000  -0.00000   0.02199
   1     5    17  -0.00000   0.49291  -0.40536   0.00000  -0.00000
   2     5    17   0.02835   0.00000   0.00000  -0.38645   0.31625
   3     5    17   0.50366   0.00000   0.00000   0.29408   0.16914
                                6         7         8         9
                               A1        B2        A1        B1
        Frequencies ---  256.6992  425.5208  505.9736  511.3360
     Reduced masses ---   34.6829   32.6640   33.2776   33.0899
    Force constants ---    1.3465    3.4847    5.0195    5.0975
     IR Intensities ---    0.0000    0.0000    0.0000    0.0000
 Coord Atom Element:
   1     1    16  -0.00000  -0.00000   0.00000   0.79183
   2     1    16   0.00000   0.87698   0.00000   0.00000
   3     1    16  -0.30888  -0.00000   0.75125  -0.00000
   1     2    17   0.00000   0.00000  -0.00000  -0.02250
   2     2    17   0.62388  -0.33235   0.07056  -0.00000
   3     2    17   0.11199   0.01718  -0.02468   0.00000
   1     3    17   0.22289  -0.00000   0.33260  -0.33948
   2     3    17  -0.00000  -0.06856   0.00000   0.00000
   3     3    17   0.02922  -0.00000  -0.31875   0.26599
   1     4    17  -0.22289   0.00000  -0.33260  -0.33948
   2     4    17  -0.00000  -0.06856  -0.00000   0.00000
   3     4    17   0.02922  -0.00000  -0.31875  -0.26599
   1     5    17   0.00000   0.00000  -0.00000  -0.02250
   2     5    17  -0.62388  -0.33235  -0.07056   0.00000
   3     5    17   0.11199  -0.01718  -0.02468   0.00000
