MOLECULE_DATA
NATOMS 5
ATOMS S Cl Cl Cl Cl
COORDINATES (Angstrom)
0.000000 0.000000 0.454397
0.000000 2.290741 0.596947
1.602699 -0.000000 -0.810781
-1.602699 0.000000 -0.810781
-0.000000 -2.290741 0.596947
BONDS (AtomIndex1 AtomIndex2) [1-based]
1 2
1 3
1 4
1 5
NUM_MODES 9
MODE 1
FREQ 106.175800
VECTOR
0.00000 0.00000 -0.15323
-0.00000 -0.02835 0.50366
-0.21394 -0.00000 -0.43361
0.21394 -0.00000 -0.43361
-0.00000 0.02835 0.50366
MODE 2
FREQ 158.691300
VECTOR
-0.44263 0.00000 -0.00000
0.49291 0.00000 0.00000
-0.29057 0.00000 0.27322
-0.29057 -0.00000 -0.27322
0.49291 0.00000 0.00000
MODE 3
FREQ 195.143500
VECTOR
0.00000 0.00000 -0.00000
0.40536 -0.00000 0.00000
0.00000 0.57938 -0.00000
0.00000 -0.57938 0.00000
-0.40536 0.00000 0.00000
MODE 4
FREQ 232.857400
VECTOR
0.00000 0.22415 0.00000
-0.00000 0.38645 0.29408
-0.00000 -0.48892 0.00000
0.00000 -0.48892 0.00000
-0.00000 0.38645 -0.29408
MODE 5
FREQ 237.793700
VECTOR
0.00000 0.00000 -0.41810
-0.00000 -0.31625 0.16914
0.53244 -0.00000 0.02199
-0.53244 -0.00000 0.02199
-0.00000 0.31625 0.16914
MODE 6
FREQ 256.699300
VECTOR
-0.00000 0.00000 -0.30888
0.00000 0.62388 0.11199
0.22289 -0.00000 0.02922
-0.22289 -0.00000 0.02922
0.00000 -0.62388 0.11199
MODE 7
FREQ 425.520700
VECTOR
-0.00000 0.87698 -0.00000
0.00000 -0.33235 0.01718
-0.00000 -0.06856 -0.00000
0.00000 -0.06856 -0.00000
0.00000 -0.33235 -0.01718
MODE 8
FREQ 505.973700
VECTOR
0.00000 0.00000 0.75125
-0.00000 0.07056 -0.02468
0.33260 0.00000 -0.31875
-0.33260 -0.00000 -0.31875
-0.00000 -0.07056 -0.02468
MODE 9
FREQ 511.336100
VECTOR
0.79183 0.00000 -0.00000
-0.02250 -0.00000 0.00000
-0.33948 0.00000 0.26599
-0.33948 0.00000 -0.26599
-0.02250 0.00000 0.00000
END_MOLECULE_DATA
