3 0 SeBr2
 1 2 1.0 3 1.0
 2
 3
      1         34           0        0.000000    0.000000    1.064888
      2         35           0       -0.000000    1.940718   -0.517231
      3         35           0       -0.000000   -1.940718   -0.517231
                                1         2         3
                               A1        A1        B2
        Frequencies ---   83.8644  258.6877  271.7100
     Reduced masses ---   79.1226   79.3716   79.4569
    Force constants ---    0.3279    3.1294    3.4562
     IR Intensities ---    0.0000    0.0000    0.0000
 Coord Atom Element:
   1     1    34  -0.00000   0.00000   0.00000
   2     1    34  -0.00000  -0.00000   0.73452
   3     1    34  -0.45234   0.67386   0.00000
   1     2    35   0.00000  -0.00000   0.00000
   2     2    35   0.58757   0.39566  -0.37191
   3     2    35   0.22903  -0.34119   0.30319
   1     3    35  -0.00000  -0.00000  -0.00000
   2     3    35  -0.58757  -0.39566  -0.37191
   3     3    35   0.22903  -0.34119  -0.30319
