MOLECULE_DATA
NATOMS 5
ATOMS Se Cl Cl Cl Cl
COORDINATES (Angstrom)
0.000000 0.000000 0.482440
0.000000 2.196989 -0.241203
2.196975 -0.000000 -0.241237
-0.000000 -2.196989 -0.241203
-2.196975 0.000000 -0.241237
BONDS (AtomIndex1 AtomIndex2) [1-based]
1 2
1 3
1 4
1 5
NUM_MODES 9
MODE 1
FREQ 36.045700
VECTOR
-0.00000 0.00000 0.00000
-0.00000 0.18812 0.46326
-0.18813 -0.00000 -0.46326
0.00000 -0.18812 0.46326
0.18813 0.00000 -0.46326
MODE 2
FREQ 198.591700
VECTOR
0.00000 -0.00000 0.55521
-0.00000 -0.26890 -0.31722
-0.26891 0.00000 -0.31720
0.00000 0.26890 -0.31722
0.26891 0.00000 -0.31720
MODE 3
FREQ 217.475400
VECTOR
-0.27192 -0.00000 0.00000
0.60496 -0.00000 -0.00000
-0.29424 0.00000 -0.10234
0.60496 -0.00000 0.00000
-0.29424 0.00000 0.10234
MODE 4
FREQ 217.477200
VECTOR
0.00000 -0.27192 -0.00000
-0.00000 -0.29424 -0.10235
0.00000 0.60496 0.00000
-0.00000 -0.29424 0.10235
0.00000 0.60496 0.00000
MODE 5
FREQ 236.034300
VECTOR
-0.00000 -0.00000 0.00000
0.50000 -0.00000 -0.00000
-0.00000 0.50000 -0.00000
-0.50000 0.00000 -0.00000
0.00000 -0.50000 -0.00000
MODE 6
FREQ 334.777200
VECTOR
-0.00000 -0.00000 0.00000
0.00000 -0.46327 0.18812
0.46325 0.00000 -0.18813
-0.00000 0.46327 0.18812
-0.46325 -0.00000 -0.18813
MODE 7
FREQ 388.162000
VECTOR
-0.00000 0.00000 0.24961
0.00000 0.46268 -0.14261
0.46270 -0.00000 -0.14262
-0.00000 -0.46268 -0.14261
-0.46270 -0.00000 -0.14262
MODE 8
FREQ 426.804000
VECTOR
0.50241 -0.00001 0.00000
0.00727 0.00001 -0.00000
-0.58136 -0.00000 0.18910
0.00727 0.00001 0.00000
-0.58136 -0.00000 -0.18910
MODE 9
FREQ 426.804100
VECTOR
0.00001 0.50241 -0.00000
0.00000 -0.58136 0.18909
-0.00001 0.00727 0.00000
0.00000 -0.58136 -0.18909
-0.00001 0.00727 -0.00000
END_MOLECULE_DATA
