5 0 SeCl4
 1 2 1.0 3 1.0 4 1.0 5 1.0
 2
 3
 4
 5
      1         34           0        0.000000    0.000000    0.482451
      2         17           0        0.000000    2.197151   -0.241157
      3         17           0        2.196963   -0.000000   -0.241294
      4         17           0       -0.000000   -2.197151   -0.241157
      5         17           0       -2.196963    0.000000   -0.241294
                                1         2         3         4         5
                               A1        A1        B1        B2        A2
        Frequencies ---   36.1126  198.5949  217.4578  217.4652  236.0096
     Reduced masses ---   34.9689   48.8236   38.2920   38.2919   34.9689
    Force constants ---    0.0269    1.1345    1.0669    1.0669    1.1476
     IR Intensities ---    0.0000    0.0000    0.0000    0.0000    0.0000
 Coord Atom Element:
   1     1    34   0.00000   0.00000  -0.27191   0.00000   0.00000
   2     1    34  -0.00000  -0.00000  -0.00000  -0.27190  -0.00000
   3     1    34  -0.00007   0.55520   0.00000  -0.00000   0.00000
   1     2    17   0.00000  -0.00000   0.60496  -0.00000   0.49998
   2     2    17  -0.18809  -0.26889  -0.00000  -0.29426  -0.00000
   3     2    17  -0.46321  -0.31732  -0.00000  -0.10236  -0.00000
   1     3    17   0.18818  -0.26896  -0.29426   0.00000  -0.00000
   2     3    17   0.00000   0.00000   0.00000   0.60495   0.50002
   3     3    17   0.46330  -0.31709  -0.10232   0.00000  -0.00000
   1     4    17  -0.00000   0.00000   0.60496  -0.00000  -0.49998
   2     4    17   0.18809   0.26889  -0.00000  -0.29426   0.00000
   3     4    17  -0.46321  -0.31732   0.00000   0.10236  -0.00000
   1     5    17  -0.18818   0.26896  -0.29426  -0.00000   0.00000
   2     5    17  -0.00000   0.00000   0.00000   0.60495  -0.50002
   3     5    17   0.46330  -0.31709   0.10232   0.00000  -0.00000
                                6         7         8         9
                               A1        A1        B2        B1
        Frequencies ---  334.7217  388.0959  426.6637  426.7778
     Reduced masses ---   34.9689   37.7699   46.3150   46.3146
    Force constants ---    2.3083    3.3518    4.9676    4.9702
     IR Intensities ---    0.0000    0.0000    0.0000    0.0000
 Coord Atom Element:
   1     1    34  -0.00000  -0.00000  -0.00000   0.50241
   2     1    34  -0.00000   0.00000   0.50242   0.00000
   3     1    34   0.00017   0.24963  -0.00000   0.00000
   1     2    17  -0.00000   0.00000  -0.00000   0.00725
   2     2    17   0.46371   0.46222  -0.58136  -0.00000
   3     2    17  -0.18823  -0.14243   0.18908   0.00000
   1     3    17  -0.46280   0.46315   0.00000  -0.58135
   2     3    17  -0.00000  -0.00000   0.00725   0.00000
   3     3    17   0.18803  -0.14283  -0.00000   0.18913
   1     4    17   0.00000  -0.00000   0.00000   0.00725
   2     4    17  -0.46371  -0.46222  -0.58136  -0.00000
   3     4    17  -0.18823  -0.14243  -0.18908  -0.00000
   1     5    17   0.46280  -0.46315   0.00000  -0.58135
   2     5    17   0.00000  -0.00000   0.00725  -0.00000
   3     5    17   0.18803  -0.14283   0.00000  -0.18913
