3 0 SeF2
 1 2 1.0 3 1.0
 2
 3
      1         34           0       -0.000000    0.000000    0.401299
      2          9           0        0.000000    1.330993   -0.758009
      3          9           0       -0.000000   -1.330993   -0.758009
                                1         2         3
                               A1        A1        B2
        Frequencies ---  264.6802  694.4388  695.1476
     Reduced masses ---   21.3818   21.9424   22.6772
    Force constants ---    0.8825    6.2345    6.4564
     IR Intensities ---    0.0000    0.0000    0.0000
 Coord Atom Element:
   1     1    34  -0.00000   0.00000  -0.00000
   2     1    34   0.00000  -0.00000  -0.24574
   3     1    34  -0.19780   0.21983  -0.00000
   1     2     9   0.00000  -0.00000   0.00000
   2     2     9   0.55441   0.51191   0.51685
   3     2     9   0.41602  -0.46237  -0.45019
   1     3     9  -0.00000  -0.00000   0.00000
   2     3     9  -0.55441  -0.51191   0.51685
   3     3     9   0.41602  -0.46237   0.45019
