MOLECULE_DATA
NATOMS 5
ATOMS Se F F F F
COORDINATES (Angstrom)
0.000000 0.000000 0.327130
0.000000 1.794791 0.155749
1.326916 -0.000000 -0.773660
-0.000000 -1.794791 0.155749
-1.326916 0.000000 -0.773660
BONDS (AtomIndex1 AtomIndex2) [1-based]
1 2
1 3
1 4
1 5
NUM_MODES 9
MODE 1
FREQ 158.980200
VECTOR
-0.00000 0.00000 -0.02724
0.00000 0.07191 0.46343
-0.33875 -0.00000 -0.40613
0.00000 -0.07191 0.46343
0.33875 -0.00000 -0.40613
MODE 2
FREQ 233.750300
VECTOR
0.23017 0.00000 -0.00000
-0.66187 0.00000 0.00000
0.17776 -0.00000 -0.06198
-0.66187 -0.00000 0.00000
0.17776 0.00000 0.06198
MODE 3
FREQ 347.452600
VECTOR
0.00000 -0.00000 -0.00000
0.42037 0.00000 0.00000
0.00000 0.56859 0.00000
-0.42037 -0.00000 0.00000
-0.00000 -0.56859 0.00000
MODE 4
FREQ 348.134700
VECTOR
0.00000 -0.00000 0.30062
0.00000 -0.13097 -0.44160
-0.45419 0.00001 -0.19068
-0.00000 0.13097 -0.44160
0.45419 -0.00000 -0.19068
MODE 5
FREQ 381.905200
VECTOR
-0.00000 0.16536 0.00000
0.00000 0.22440 0.32951
-0.00000 -0.57219 -0.00000
-0.00000 0.22440 -0.32951
0.00000 -0.57219 -0.00000
MODE 6
FREQ 580.150800
VECTOR
-0.00000 0.00000 -0.01567
-0.00000 0.66398 -0.10618
-0.16846 0.00000 0.13913
-0.00000 -0.66398 -0.10618
0.16846 -0.00000 0.13913
MODE 7
FREQ 644.237100
VECTOR
-0.00000 0.32505 0.00000
0.00000 -0.66416 0.07538
0.00000 -0.01950 -0.00000
-0.00000 -0.66416 -0.07538
-0.00000 -0.01950 -0.00000
MODE 8
FREQ 720.998500
VECTOR
0.25026 0.00000 0.00000
0.00059 0.00000 -0.00000
-0.52694 0.00000 0.43706
0.00059 -0.00000 -0.00000
-0.52694 -0.00000 -0.43706
MODE 9
FREQ 736.606100
VECTOR
-0.00000 -0.00000 0.22878
0.00000 0.21887 -0.04080
0.47992 -0.00000 -0.44038
0.00000 -0.21887 -0.04080
-0.47992 0.00000 -0.44038
END_MOLECULE_DATA
