5 0 SeF4
 1 2 1.0 3 1.0 4 1.0 5 1.0
 2
 3
 4
 5
      1         34           0        0.000000    0.000000    0.327116
      2          9           0        0.000000    1.795283    0.156444
      3          9           0        1.325750   -0.000000   -0.774330
      4          9           0       -0.000000   -1.795283    0.156444
      5          9           0       -1.325750    0.000000   -0.774330
                                1         2         3         4         5
                               A1        B1        A2        A1        B2
        Frequencies ---  159.4660  233.6002  347.1984  348.1976  381.7897
     Reduced masses ---   19.0440   22.2279   18.9984   24.5019   20.6642
    Force constants ---    0.2853    0.7147    1.3493    1.7503    1.7747
     IR Intensities ---    0.0000    0.0000    0.0000    0.0000    0.0000
 Coord Atom Element:
   1     1    34  -0.00000  -0.23025   0.00000   0.00000   0.00000
   2     1    34   0.00000  -0.00000  -0.00000  -0.00000  -0.16536
   3     1    34  -0.02737   0.00000  -0.00000   0.30057  -0.00000
   1     2     9   0.00000   0.66186   0.42005   0.00000  -0.00000
   2     2     9   0.07169  -0.00000   0.00000  -0.13075  -0.22432
   3     2     9   0.46360  -0.00000   0.00000  -0.44145  -0.32968
   1     3     9  -0.33867  -0.17760   0.00000  -0.45440   0.00000
   2     3     9  -0.00000   0.00000   0.56882   0.00000   0.57212
   3     3     9  -0.40603   0.06235   0.00000  -0.19072   0.00000
   1     4     9   0.00000   0.66186  -0.42005  -0.00000   0.00000
   2     4     9  -0.07169   0.00000  -0.00000   0.13075  -0.22432
   3     4     9   0.46360  -0.00000   0.00000  -0.44145   0.32968
   1     5     9   0.33867  -0.17760  -0.00000   0.45440  -0.00000
   2     5     9  -0.00000  -0.00000  -0.56882  -0.00000   0.57212
   3     5     9  -0.40603  -0.06235   0.00000  -0.19072   0.00000
                                6         7         8         9
                               A1        B2        B1        A1
        Frequencies ---  579.7519  643.5419  721.8579  737.4144
     Reduced masses ---   19.0123   25.4356   22.8103   22.1893
    Force constants ---    3.7650    6.2065    7.0030    7.1092
     IR Intensities ---    0.0000    0.0000    0.0000    0.0000
 Coord Atom Element:
   1     1    34  -0.00000  -0.00000  -0.25015  -0.00000
   2     1    34   0.00000   0.32507  -0.00000  -0.00000
   3     1    34  -0.01510   0.00000  -0.00000   0.22887
   1     2     9  -0.00000   0.00000  -0.00051   0.00000
   2     2     9   0.66464  -0.66419  -0.00000   0.21666
   3     2     9  -0.10603   0.07512   0.00000  -0.04038
   1     3     9  -0.16707   0.00000   0.52663   0.48038
   2     3     9   0.00000  -0.01952  -0.00000  -0.00000
   3     3     9   0.13778  -0.00000  -0.43746  -0.44098
   1     4     9  -0.00000  -0.00000  -0.00051   0.00000
   2     4     9  -0.66464  -0.66418   0.00000  -0.21666
   3     4     9  -0.10603  -0.07512   0.00000  -0.04038
   1     5     9   0.16707  -0.00000   0.52663  -0.48038
   2     5     9  -0.00000  -0.01952   0.00000   0.00000
   3     5     9   0.13778  -0.00000   0.43746  -0.44098
