MOLECULE_DATA
NATOMS 5
ATOMS Se H H H H
COORDINATES (Angstrom)
-0.000000 0.000000 0.048452
-0.000000 1.508520 -0.411672
-1.508399 0.000000 -0.412005
1.508399 -0.000000 -0.412005
-0.000000 -1.508520 -0.411672
BONDS (AtomIndex1 AtomIndex2) [1-based]
1 2
1 3
1 4
1 5
NUM_MODES 9
MODE 1
FREQ 449.191300
VECTOR
0.00000 0.00000 0.00001
0.00000 0.29338 0.40462
0.29354 0.00000 -0.40502
-0.29354 0.00000 -0.40502
0.00000 -0.29338 0.40462
MODE 2
FREQ 849.519200
VECTOR
0.00000 -0.00000 0.02471
-0.00000 -0.09968 -0.49004
0.09952 0.00000 -0.48961
-0.09952 0.00000 -0.48961
-0.00000 0.09968 -0.49004
MODE 3
FREQ 1306.780200
VECTOR
0.01994 0.00000 -0.00000
-0.64932 -0.00000 0.00000
-0.14138 -0.00000 -0.24123
-0.14138 -0.00000 0.24123
-0.64932 -0.00000 -0.00000
MODE 4
FREQ 1306.854400
VECTOR
-0.00000 0.01994 0.00000
0.00000 -0.14140 0.24132
0.00000 -0.64929 0.00000
0.00000 -0.64929 -0.00000
0.00000 -0.14140 -0.24132
MODE 5
FREQ 1548.575000
VECTOR
0.00000 -0.00000 0.00000
0.49998 -0.00000 0.00000
-0.00000 -0.50002 -0.00000
0.00000 0.50002 -0.00000
-0.49998 0.00000 0.00000
MODE 6
FREQ 1583.396700
VECTOR
-0.00000 -0.00000 0.00000
-0.00000 -0.40481 0.29340
-0.40483 -0.00000 -0.29352
0.40483 -0.00000 -0.29352
-0.00000 0.40481 0.29340
MODE 7
FREQ 1603.165500
VECTOR
0.00000 0.01140 0.00000
0.00000 -0.66121 0.13785
-0.00001 0.20912 -0.00000
-0.00001 0.20912 0.00000
0.00000 -0.66121 -0.13785
MODE 8
FREQ 1603.260600
VECTOR
0.01140 -0.00000 -0.00000
0.20913 0.00001 -0.00000
-0.66117 -0.00000 -0.13804
-0.66117 -0.00000 0.13804
0.20913 0.00001 0.00000
MODE 9
FREQ 1867.423200
VECTOR
-0.00000 0.00000 -0.00479
-0.00000 -0.49092 0.09500
0.49084 0.00000 0.09504
-0.49084 0.00000 0.09504
-0.00000 0.49092 0.09500
END_MOLECULE_DATA
