5 0 SF4
 1 2 1.0 3 1.0 4 1.0 5 1.0
 2
 3
 4
 5
      1         16           0       -0.000000   -0.000000    0.426299
      2          9           0        0.000000    1.346391   -0.550338
      3          9           0       -0.000000   -1.346391   -0.550338
      4          9           0        1.699824   -0.000000    0.171405
      5          9           0       -1.699824    0.000000    0.171405
                                1         2         3         4         5
                               A1        B2        A2        B1        A1
        Frequencies ---  132.1438  321.2580  403.7690  451.5148  456.2678
     Reduced masses ---   18.9989   20.6275   18.9984   19.5726   21.5071
    Force constants ---    0.1955    1.2543    1.8249    2.3509    2.6380
     IR Intensities ---    0.0000    0.0000    0.0000    0.0000    0.0000
 Coord Atom Element:
   1     1    16  -0.00000   0.00000  -0.00000  -0.21038   0.00000
   2     1    16   0.00000  -0.35436  -0.00000   0.00000  -0.00000
   3     1    16  -0.00636  -0.00000  -0.00000   0.00000   0.43974
   1     2     9   0.00000  -0.00000   0.55429   0.53456  -0.00000
   2     2     9  -0.35118  -0.28858  -0.00000  -0.00000  -0.48483
   3     2     9  -0.42728   0.09825   0.00000  -0.00000  -0.00986
   1     3     9   0.00000   0.00000  -0.55429   0.53456  -0.00000
   2     3     9   0.35118  -0.28858  -0.00000   0.00000   0.48483
   3     3     9  -0.42728  -0.09825  -0.00000  -0.00000  -0.00986
   1     4     9   0.08319   0.00000  -0.00000  -0.35755  -0.19609
   2     4     9  -0.00000   0.58676   0.43904  -0.00000   0.00000
   3     4     9   0.43263   0.00000  -0.00000  -0.25352  -0.36015
   1     5     9  -0.08319  -0.00000  -0.00000  -0.35755   0.19609
   2     5     9  -0.00000   0.58676  -0.43904   0.00000   0.00000
   3     5     9   0.43263   0.00000   0.00000   0.25352  -0.36015
                                6         7         8         9
                               A1        A1        B1        B2
        Frequencies ---  585.9588  814.1865  847.4055  867.0002
     Reduced masses ---   18.9985   22.8604   24.9085   23.1328
    Force constants ---    3.8433    8.9286   10.5385   10.2451
     IR Intensities ---    0.0000    0.0000    0.0000    0.0000
 Coord Atom Element:
   1     1    16  -0.00000  -0.00000   0.67494  -0.00000
   2     1    16  -0.00000   0.00000   0.00000   0.56451
   3     1    16  -0.00273   0.54560   0.00000  -0.00000
   1     2     9   0.00000   0.00000  -0.06201  -0.00000
   2     2     9  -0.17249   0.40938   0.00000  -0.47220
   3     2     9   0.13536  -0.38481  -0.00000   0.34305
   1     3     9   0.00000   0.00000  -0.06201   0.00000
   2     3     9   0.17249  -0.40938  -0.00000  -0.47220
   3     3     9   0.13536  -0.38481  -0.00000  -0.34305
   1     4     9   0.65895   0.17311  -0.50592  -0.00000
   2     4     9  -0.00000  -0.00000   0.00000  -0.00281
   3     4     9  -0.13307  -0.07428   0.11149   0.00000
   1     5     9  -0.65895  -0.17311  -0.50592   0.00000
   2     5     9   0.00000  -0.00000  -0.00000  -0.00281
   3     5     9  -0.13307  -0.07428  -0.11149   0.00000
