MOLECULE_DATA
NATOMS 5
ATOMS S F F F F
COORDINATES (Angstrom)
-0.000000 -0.000000 0.426317
0.000000 1.346409 -0.550352
-0.000000 -1.346409 -0.550352
1.699792 -0.000000 0.171403
-1.699792 0.000000 0.171403
BONDS (AtomIndex1 AtomIndex2) [1-based]
1 2
1 3
1 4
1 5
NUM_MODES 9
MODE 1
FREQ 132.148300
VECTOR
-0.00000 0.00000 0.00637
0.00000 0.35118 0.42727
0.00000 -0.35118 0.42727
-0.08319 0.00000 -0.43263
0.08319 0.00000 -0.43263
MODE 2
FREQ 321.257900
VECTOR
0.00000 0.35437 -0.00000
0.00000 0.28858 -0.09824
-0.00000 0.28858 0.09824
-0.00000 -0.58676 0.00000
0.00000 -0.58676 0.00000
MODE 3
FREQ 403.776900
VECTOR
0.00000 -0.00000 0.00000
0.55429 -0.00000 0.00000
-0.55429 -0.00000 -0.00000
0.00000 0.43905 0.00000
0.00000 -0.43905 -0.00000
MODE 4
FREQ 451.524000
VECTOR
-0.21038 0.00000 -0.00000
0.53456 0.00000 0.00000
0.53456 -0.00000 0.00000
-0.35754 0.00000 -0.25353
-0.35754 -0.00000 0.25353
MODE 5
FREQ 456.272900
VECTOR
-0.00000 0.00000 0.43972
0.00000 -0.48485 -0.00985
0.00000 0.48485 -0.00985
-0.19605 -0.00000 -0.36015
0.19605 -0.00000 -0.36015
MODE 6
FREQ 585.996000
VECTOR
0.00000 0.00000 -0.00283
-0.00000 -0.17252 0.13542
-0.00000 0.17252 0.13542
0.65893 -0.00000 -0.13304
-0.65893 -0.00000 -0.13304
MODE 7
FREQ 814.123200
VECTOR
0.00000 -0.00000 0.54562
-0.00000 0.40933 -0.38480
-0.00000 -0.40933 -0.38480
0.17322 0.00000 -0.07431
-0.17322 0.00000 -0.07431
MODE 8
FREQ 847.472700
VECTOR
0.67493 -0.00000 -0.00000
-0.06199 -0.00000 0.00000
-0.06199 0.00000 0.00000
-0.50592 -0.00000 0.11149
-0.50592 0.00000 -0.11149
MODE 9
FREQ 866.910500
VECTOR
0.00000 0.56451 0.00000
-0.00000 -0.47220 0.34306
0.00000 -0.47220 -0.34306
0.00000 -0.00280 -0.00000
-0.00000 -0.00280 -0.00000
END_MOLECULE_DATA
