5 0 sh4
 1 2 1.0 3 1.0 4 1.0 5 1.0
 2
 3
 4
 5
      1         16           0        0.000000   -0.000000    0.046364
      2          1           0        0.000000    1.443535   -0.185428
      3          1           0       -0.000000   -1.443535   -0.185428
      4          1           0       -1.443521    0.000000   -0.185487
      5          1           0        1.443521   -0.000000   -0.185487
                                1         2         3         4         5
                               A1        A1        B2        B1        A1
        Frequencies ---  453.7557  843.6640 1408.1964 1408.1966 1584.8218
     Reduced masses ---    1.1293    1.0078    1.1160    1.1160    1.0078
    Force constants ---    0.1370    0.4226    1.3039    1.3038    1.4914
     IR Intensities ---    0.0000    0.0000    0.0000    0.0000    0.0000
 Coord Atom Element:
   1     1    16  -0.00000  -0.00000  -0.00000   0.05910  -0.00000
   2     1    16  -0.00000  -0.00000   0.05910   0.00000   0.00000
   3     1    16   0.06264  -0.00001   0.00000   0.00000  -0.00000
   1     2     1  -0.00000   0.00000   0.00000  -0.60332   0.00000
   2     2     1  -0.04704   0.21596  -0.33410  -0.00000   0.45096
   3     2     1  -0.49674   0.45101   0.15054   0.00000  -0.21595
   1     3     1  -0.00000  -0.00000   0.00000  -0.60332  -0.00000
   2     3     1   0.04704  -0.21596  -0.33410  -0.00000  -0.45096
   3     3     1  -0.49674   0.45101  -0.15054  -0.00000  -0.21595
   1     4     1   0.04713   0.21596  -0.00000  -0.33407   0.45095
   2     4     1   0.00000   0.00000  -0.60330  -0.00000  -0.00000
   3     4     1  -0.49684  -0.45090  -0.00000  -0.15053   0.21598
   1     5     1  -0.04713  -0.21596   0.00000  -0.33407  -0.45095
   2     5     1   0.00000   0.00000  -0.60330  -0.00000  -0.00000
   3     5     1  -0.49684  -0.45090  -0.00000   0.15053   0.21598
                                6         7         8         9
                               B2        B1        A2        A1
        Frequencies --- 1634.9281 1634.9491 1759.4468 1976.6103
     Reduced masses ---    1.0147    1.0147    1.0078    1.0087
    Force constants ---    1.5980    1.5981    1.8382    2.3219
     IR Intensities ---    0.0000    0.0000    0.0000    0.0000
 Coord Atom Element:
   1     1    16  -0.00000   0.01492   0.00000   0.00000
   2     1    16  -0.01491  -0.00000   0.00000   0.00000
   3     1    16  -0.00000   0.00000   0.00000  -0.00529
   1     2     1  -0.00000   0.36671  -0.50000  -0.00000
   2     2     1   0.60328   0.00000   0.00000  -0.49823
   3     2     1  -0.03797  -0.00000  -0.00000   0.04193
   1     3     1  -0.00000   0.36671   0.50000   0.00000
   2     3     1   0.60328   0.00000  -0.00000   0.49823
   3     3     1   0.03797   0.00000  -0.00000   0.04193
   1     4     1  -0.00000  -0.60330  -0.00000   0.49823
   2     4     1  -0.36674  -0.00000   0.50000   0.00000
   3     4     1   0.00000  -0.03801   0.00000   0.04194
   1     5     1   0.00000  -0.60330  -0.00000  -0.49823
   2     5     1  -0.36674  -0.00000  -0.50000   0.00000
   3     5     1   0.00000   0.03801   0.00000   0.04194
