MOLECULE_DATA
NATOMS 5
ATOMS S H H H H
COORDINATES (Angstrom)
0.000000 -0.000000 0.046364
0.000000 1.443535 -0.185428
-0.000000 -1.443535 -0.185428
-1.443521 0.000000 -0.185487
1.443521 -0.000000 -0.185487
BONDS (AtomIndex1 AtomIndex2) [1-based]
1 2
1 3
1 4
1 5
NUM_MODES 9
MODE 1
FREQ 453.755700
VECTOR
-0.00000 -0.00000 0.06264
-0.00000 -0.04704 -0.49674
-0.00000 0.04704 -0.49674
0.04713 0.00000 -0.49684
-0.04713 0.00000 -0.49684
MODE 2
FREQ 843.664000
VECTOR
-0.00000 -0.00000 -0.00001
0.00000 0.21596 0.45101
-0.00000 -0.21596 0.45101
0.21596 0.00000 -0.45090
-0.21596 0.00000 -0.45090
MODE 3
FREQ 1408.196400
VECTOR
-0.00000 0.05910 0.00000
0.00000 -0.33410 0.15054
0.00000 -0.33410 -0.15054
-0.00000 -0.60330 -0.00000
0.00000 -0.60330 -0.00000
MODE 4
FREQ 1408.196600
VECTOR
0.05910 0.00000 0.00000
-0.60332 -0.00000 0.00000
-0.60332 -0.00000 -0.00000
-0.33407 -0.00000 -0.15053
-0.33407 -0.00000 0.15053
MODE 5
FREQ 1584.821800
VECTOR
-0.00000 0.00000 -0.00000
0.00000 0.45096 -0.21595
-0.00000 -0.45096 -0.21595
0.45095 -0.00000 0.21598
-0.45095 -0.00000 0.21598
MODE 6
FREQ 1634.928100
VECTOR
-0.00000 -0.01491 -0.00000
-0.00000 0.60328 -0.03797
-0.00000 0.60328 0.03797
-0.00000 -0.36674 0.00000
0.00000 -0.36674 0.00000
MODE 7
FREQ 1634.949100
VECTOR
0.01492 -0.00000 0.00000
0.36671 0.00000 -0.00000
0.36671 0.00000 0.00000
-0.60330 -0.00000 -0.03801
-0.60330 -0.00000 0.03801
MODE 8
FREQ 1759.446800
VECTOR
0.00000 0.00000 0.00000
-0.50000 0.00000 -0.00000
0.50000 -0.00000 -0.00000
-0.00000 0.50000 0.00000
-0.00000 -0.50000 0.00000
MODE 9
FREQ 1976.610300
VECTOR
0.00000 0.00000 -0.00529
-0.00000 -0.49823 0.04193
0.00000 0.49823 0.04193
0.49823 0.00000 0.04194
-0.49823 0.00000 0.04194
END_MOLECULE_DATA
