5 0 SnH4
 1 2 1.0 3 1.0 4 1.0 5 1.0
 2
 3
 4
 5
      1         50           0        0.000000    0.000000    0.000000
      2          1           0        1.009011    1.009011    1.009011
      3          1           0       -1.009011   -1.009011    1.009011
      4          1           0       -1.009011    1.009011   -1.009011
      5          1           0        1.009011   -1.009011   -1.009011
                                1         2         3         4         5
                               T2        T2        T2         E         E
        Frequencies ---  719.7996  719.7996  719.7996  746.8861  746.8862
     Reduced masses ---    1.0315    1.0315    1.0315    1.0078    1.0078
    Force constants ---    0.3149    0.3149    0.3149    0.3312    0.3312
     IR Intensities ---    0.0000    0.0000    0.0000    0.0000    0.0000
 Coord Atom Element:
   1     1    50   0.01009   0.00488   0.00877   0.00000  -0.00000
   2     1    50  -0.01004   0.00501   0.00876   0.00000  -0.00000
   3     1    50   0.00009   0.01239  -0.00700  -0.00000  -0.00000
   1     2     1  -0.43199   0.09656  -0.23241  -0.08098   0.40014
   2     2     1   0.43358   0.09103  -0.23167  -0.30604  -0.27020
   3     2     1  -0.00182  -0.22635   0.44577   0.38702  -0.12993
   1     3     1  -0.43433  -0.24437  -0.03988   0.08098  -0.40014
   2     3     1   0.43124  -0.24990  -0.03915   0.30604   0.27020
   3     3     1  -0.00315  -0.49861  -0.03639   0.38702  -0.12993
   1     4     1  -0.15580  -0.04134  -0.47325   0.08098  -0.40014
   2     4     1   0.15372  -0.38426  -0.28047  -0.30604  -0.27020
   3     4     1   0.27437  -0.36425   0.20493  -0.38702   0.12993
   1     5     1  -0.15814  -0.38227  -0.28073  -0.08098   0.40014
   2     5     1   0.15606  -0.04333  -0.47299   0.30604   0.27020
   3     5     1  -0.27934  -0.36071   0.20446  -0.38702   0.12993
                                6         7         8         9
                               T2        T2        T2        A1
        Frequencies --- 1928.0926 1928.0926 1928.0926 1945.6114
     Reduced masses ---    1.0178    1.0178    1.0178    1.0078
    Force constants ---    2.2293    2.2293    2.2293    2.2477
     IR Intensities ---    0.0000    0.0000    0.0000    0.0000
 Coord Atom Element:
   1     1    50   0.00653  -0.00325  -0.00569   0.00000
   2     1    50  -0.00655  -0.00320  -0.00569   0.00000
   3     1    50  -0.00003  -0.00804   0.00456   0.00000
   1     2     1   0.02040   0.45663   0.20261  -0.28868
   2     2     1  -0.01767   0.45675   0.20260  -0.28868
   3     2     1   0.00131   0.44266   0.23245  -0.28868
   1     3     1   0.01867  -0.06072   0.49593   0.28868
   2     3     1  -0.01941  -0.06060   0.49591   0.28868
   3     3     1   0.00027   0.02785  -0.49920  -0.28868
   1     4     1  -0.40064   0.25055  -0.16336   0.28868
   2     4     1   0.40060  -0.26933   0.13024  -0.28868
   3     4     1  -0.41974   0.23658  -0.13353   0.28868
   1     5     1  -0.40238  -0.26680   0.12995  -0.28868
   2     5     1   0.40233   0.24802  -0.16307   0.28868
   3     5     1   0.42132   0.23393  -0.13323   0.28868
