3 0 TeH2
 1 2 1.0 3 1.0
 2
 3
      1         52           0       -0.000000   -0.000000    0.043995
      2          1           0        0.000000    1.210246   -1.143866
      3          1           0       -0.000000   -1.210246   -1.143866
                                1         2         3
                               A1        A1        B2
        Frequencies ---  892.9572 2062.3274 2070.5516
     Reduced masses ---    1.0160    1.0150    1.0157
    Force constants ---    0.4773    2.5436    2.5657
     IR Intensities ---    0.0000    0.0000    0.0000
 Coord Atom Element:
   1     1    52  -0.00000   0.00000  -0.00000
   2     1    52  -0.00000   0.00000  -0.00783
   3     1    52  -0.00797   0.00748   0.00000
   1     2     1   0.00000   0.00000   0.00000
   2     2     1   0.48594   0.51736   0.50463
   3     2     1   0.51364  -0.48198  -0.49530
   1     3     1   0.00000  -0.00000   0.00000
   2     3     1  -0.48594  -0.51736   0.50463
   3     3     1   0.51364  -0.48198   0.49530
