5 0 TeH4
 1 2 1.0 3 1.0 4 1.0 5 1.0
 2
 3
 4
 5
      1         52           0       -0.000000   -0.000000    0.041954
      2          1           0       -0.000000    1.653756   -0.545136
      3          1           0       -1.653800    0.000000   -0.545676
      4          1           0        1.653800   -0.000000   -0.545676
      5          1           0       -0.000000   -1.653756   -0.545136
                                1         2         3         4         5
                               A1        A1        B1        B2        A2
        Frequencies ---  485.3179  822.6710 1128.9399 1129.0557 1286.5674
     Reduced masses ---    1.0078    1.0365    1.0211    1.0211    1.0078
    Force constants ---    0.1399    0.4133    0.7668    0.7669    0.9829
     IR Intensities ---    0.0000    0.0000    0.0000    0.0000    0.0000
 Coord Atom Element:
   1     1    52  -0.00000   0.00000  -0.01015   0.00000  -0.00000
   2     1    52  -0.00000  -0.00000  -0.00000  -0.01014  -0.00000
   3     1    52  -0.00000  -0.01491  -0.00000   0.00000   0.00000
   1     2     1   0.00000  -0.00000   0.66774  -0.00000   0.50001
   2     2     1   0.24622   0.13782  -0.00000  -0.01412  -0.00000
   3     2     1   0.43514   0.48058  -0.00000  -0.23224  -0.00000
   1     3     1   0.24638  -0.13781  -0.01387   0.00000  -0.00000
   2     3     1   0.00000   0.00000   0.00000   0.66769  -0.49999
   3     3     1  -0.43511   0.48057   0.23211  -0.00000  -0.00000
   1     4     1  -0.24638   0.13781  -0.01387   0.00000   0.00000
   2     4     1   0.00000   0.00000   0.00000   0.66769   0.49999
   3     4     1  -0.43511   0.48057  -0.23211   0.00000  -0.00000
   1     5     1   0.00000  -0.00000   0.66774  -0.00000  -0.50001
   2     5     1  -0.24622  -0.13782  -0.00000  -0.01412   0.00000
   3     5     1   0.43514   0.48058   0.00000   0.23224   0.00000
                                6         7         8         9
                               A1        B1        B2        A1
        Frequencies --- 1657.2033 1719.2376 1720.0947 1867.6905
     Reduced masses ---    1.0078    1.0190    1.0190    1.0101
    Force constants ---    1.6307    1.7746    1.7764    2.0759
     IR Intensities ---    0.0000    0.0000    0.0000    0.0000
 Coord Atom Element:
   1     1    52   0.00000  -0.00933   0.00000   0.00000
   2     1    52   0.00000  -0.00000  -0.00933  -0.00000
   3     1    52  -0.00001   0.00000  -0.00000   0.00416
   1     2     1   0.00000  -0.06944   0.00000   0.00000
   2     2     1   0.43417   0.00000   0.67053   0.48261
   3     2     1  -0.24604  -0.00000  -0.21345  -0.13440
   1     3     1   0.43608   0.67046  -0.00000  -0.48081
   2     3     1   0.00000  -0.00000  -0.06919  -0.00000
   3     3     1   0.24656   0.21358  -0.00000  -0.13356
   1     4     1  -0.43608   0.67046  -0.00000   0.48081
   2     4     1   0.00000  -0.00000  -0.06919  -0.00000
   3     4     1   0.24656  -0.21358   0.00000  -0.13356
   1     5     1  -0.00000  -0.06944   0.00000   0.00000
   2     5     1  -0.43417   0.00000   0.67053  -0.48261
   3     5     1  -0.24604   0.00000   0.21345  -0.13440
