7 0 TeH6
 1 2 1.0 3 1.0 4 1.0 5 1.0 6 1.0 7 1.0
 2
 3
 4
 5
 6
 7
      1         52           0        0.000000    0.000000    0.000000
      2          1           0       -0.000000   -0.000000    1.758955
      3          1           0       -0.000000    1.758955   -0.000000
      4          1           0       -1.758955   -0.000000   -0.000000
      5          1           0       -0.000000   -0.000000   -1.758955
      6          1           0       -0.000000   -1.758955    0.000000
      7          1           0        1.758955    0.000000    0.000000
                                1         2         3         4         5
                              T2U       T2U       T2U       T1U       T1U
        Frequencies ---  880.0325  880.0325  880.0325  975.7808  975.7808
     Reduced masses ---    1.0078    1.0078    1.0078    1.0411    1.0411
    Force constants ---    0.4599    0.4599    0.4599    0.5841    0.5841
     IR Intensities ---    0.0000    0.0000    0.0000    0.0000    0.0000
 Coord Atom Element:
   1     1    52   0.00000   0.00000   0.00000  -0.00001  -0.00000
   2     1    52   0.00000  -0.00000   0.00000  -0.01240   0.01023
   3     1    52   0.00000   0.00000  -0.00000  -0.01023  -0.01240
   1     2     1   0.00000   0.50000   0.00000   0.00027   0.00003
   2     2     1   0.35355  -0.00000   0.35356   0.38517  -0.31762
   3     2     1   0.00000   0.00000  -0.00000   0.02375   0.02880
   1     3     1  -0.00000  -0.50000  -0.00000   0.00027   0.00003
   2     3     1   0.00000  -0.00000   0.00000   0.02880  -0.02375
   3     3     1   0.35356   0.00000  -0.35355   0.31762   0.38517
   1     4     1  -0.00000  -0.00000   0.00000   0.00002   0.00000
   2     4     1  -0.35355   0.00000  -0.35356   0.38517  -0.31762
   3     4     1  -0.35356  -0.00000   0.35355   0.31762   0.38517
   1     5     1   0.00000   0.50000   0.00000   0.00027   0.00003
   2     5     1   0.35355  -0.00000   0.35356   0.38517  -0.31762
   3     5     1   0.00000   0.00000  -0.00000   0.02375   0.02880
   1     6     1  -0.00000  -0.50000  -0.00000   0.00027   0.00003
   2     6     1   0.00000  -0.00000   0.00000   0.02880  -0.02375
   3     6     1   0.35356   0.00000  -0.35355   0.31762   0.38517
   1     7     1   0.00000  -0.00000  -0.00000   0.00002   0.00000
   2     7     1  -0.35355   0.00000  -0.35356   0.38517  -0.31762
   3     7     1  -0.35356  -0.00000   0.35355   0.31762   0.38517
                                6         7         8         9        10
                              T1U       T2G       T2G       T2G        EG
        Frequencies ---  975.7808 1088.2223 1088.2223 1088.2223 1674.4523
     Reduced masses ---    1.0411    1.0078    1.0078    1.0078    1.0078
    Force constants ---    0.5841    0.7032    0.7032    0.7032    1.6649
     IR Intensities ---    0.0000    0.0000    0.0000    0.0000    0.0000
 Coord Atom Element:
   1     1    52  -0.01607  -0.00000  -0.00000  -0.00000  -0.00000
   2     1    52   0.00001  -0.00000  -0.00000  -0.00000   0.00000
   3     1    52   0.00001  -0.00000  -0.00000  -0.00000  -0.00000
   1     2     1   0.49924   0.35355   0.00000   0.35355  -0.00000
   2     2     1  -0.00019   0.00000   0.50000  -0.00000   0.00000
   3     2     1  -0.00001   0.00000   0.00000  -0.00000  -0.50098
   1     3     1   0.49924  -0.35355   0.00000   0.35355  -0.00000
   2     3     1  -0.00001   0.00000   0.00000  -0.00000   0.49901
   3     3     1  -0.00019   0.00000   0.50000  -0.00000  -0.00000
   1     4     1   0.03733   0.00000  -0.00000   0.00000  -0.00197
   2     4     1  -0.00019   0.35355  -0.00000  -0.35355   0.00000
   3     4     1  -0.00019  -0.35355  -0.00000  -0.35355  -0.00000
   1     5     1   0.49924  -0.35355  -0.00000  -0.35355  -0.00000
   2     5     1  -0.00019  -0.00000  -0.50000   0.00000   0.00000
   3     5     1  -0.00001   0.00000   0.00000   0.00000   0.50098
   1     6     1   0.49924   0.35355  -0.00000  -0.35355  -0.00000
   2     6     1  -0.00001   0.00000   0.00000   0.00000  -0.49901
   3     6     1  -0.00019  -0.00000  -0.50000   0.00000  -0.00000
   1     7     1   0.03733   0.00000   0.00000   0.00000   0.00197
   2     7     1  -0.00019  -0.35355   0.00000   0.35355   0.00000
   3     7     1  -0.00019   0.35355   0.00000   0.35355  -0.00000
                               11        12        13        14        15
                               EG       T1U       T1U       T1U       A1G
        Frequencies --- 1674.4523 1694.7845 1694.7845 1694.7845 1894.9914
     Reduced masses ---    1.0078    1.0202    1.0202    1.0202    1.0078
    Force constants ---    1.6649    1.7265    1.7265    1.7265    2.1323
     IR Intensities ---    0.0000    0.0000    0.0000    0.0000    0.0000
 Coord Atom Element:
   1     1    52  -0.00000  -0.00001  -0.00000  -0.00981   0.00000
   2     1    52  -0.00000  -0.00708   0.00679   0.00000  -0.00000
   3     1    52  -0.00000  -0.00679  -0.00708   0.00000  -0.00000
   1     2     1  -0.00000  -0.00002  -0.00000  -0.03654   0.00000
   2     2     1  -0.00000  -0.02638   0.02528   0.00001  -0.00000
   3     2     1  -0.28697   0.48788   0.50917  -0.00027   0.40825
   1     3     1  -0.00000  -0.00002  -0.00000  -0.03654   0.00000
   2     3     1  -0.29038   0.50917  -0.48788  -0.00027   0.40825
   3     3     1  -0.00000  -0.02528  -0.02638   0.00001  -0.00000
   1     4     1  -0.57735   0.00038   0.00001   0.70518  -0.40825
   2     4     1  -0.00000  -0.02638   0.02528   0.00001  -0.00000
   3     4     1  -0.00000  -0.02528  -0.02638   0.00001  -0.00000
   1     5     1  -0.00000  -0.00002  -0.00000  -0.03654   0.00000
   2     5     1  -0.00000  -0.02638   0.02528   0.00001  -0.00000
   3     5     1   0.28697   0.48788   0.50917  -0.00027  -0.40825
   1     6     1  -0.00000  -0.00002  -0.00000  -0.03654   0.00000
   2     6     1   0.29038   0.50917  -0.48788  -0.00027  -0.40825
   3     6     1  -0.00000  -0.02528  -0.02638   0.00001  -0.00000
   1     7     1   0.57735   0.00038   0.00001   0.70518   0.40825
   2     7     1  -0.00000  -0.02638   0.02528   0.00001  -0.00000
   3     7     1  -0.00000  -0.02528  -0.02638   0.00001  -0.00000
