5 0 XeF2Cl2
 1 2 1.0 3 1.0 4 1.0 5 1.0
 2
 3
 4
 5
      1         54           0        0.000000    0.000000    0.000000
      2          9           0        0.000000    1.974955    0.000000
      3          9           0       -0.000000   -1.974955    0.000000
      4         17           0       -0.000000   -0.000000    2.540839
      5         17           0        0.000000   -0.000000   -2.540839
                                1         2         3         4         5
                              B2U       B3U       B3G       B1U        AG
        Frequencies ---   86.2832   98.1742  153.0795  185.5812  223.9080
     Reduced masses ---   38.9979   33.7467   21.4154   21.1623   34.9612
    Force constants ---    0.1711    0.1916    0.2957    0.4294    1.0327
     IR Intensities ---    0.0000    0.0000    0.0000    0.0000    0.0000
 Coord Atom Element:
   1     1    54  -0.00000  -0.19279  -0.00000   0.00000   0.00000
   2     1    54  -0.25574   0.00000   0.00000   0.00000   0.00000
   3     1    54  -0.00000   0.00000  -0.00000  -0.08711  -0.00000
   1     2     9  -0.00000  -0.38867  -0.00000   0.00000   0.00000
   2     2     9  -0.26897   0.00000   0.00000   0.00000  -0.01552
   3     2     9   0.00000   0.00000   0.65140   0.67474   0.00000
   1     3     9  -0.00000  -0.38867  -0.00000   0.00000   0.00000
   2     3     9  -0.26897   0.00000   0.00000  -0.00000   0.01552
   3     3     9  -0.00000   0.00000  -0.65140   0.67474   0.00000
   1     4    17   0.00000   0.57477   0.00000  -0.00000  -0.00000
   2     4    17   0.62846  -0.00000   0.27508  -0.00000  -0.00000
   3     4    17   0.00000   0.00000  -0.00000  -0.20230   0.70694
   1     5    17   0.00000   0.57477   0.00000  -0.00000  -0.00000
   2     5    17   0.62846  -0.00000  -0.27508   0.00000  -0.00000
   3     5    17  -0.00000  -0.00000  -0.00000  -0.20230  -0.70694
                                6         7         8         9
                              B3U       B1U        AG       B2U
        Frequencies ---  249.4400  335.4075  560.0966  674.4876
     Reduced masses ---   26.0863   48.2791   19.0007   23.6270
    Force constants ---    0.9563    3.2000    3.5119    6.3330
     IR Intensities ---    0.0000    0.0000    0.0000    0.0000
 Coord Atom Element:
   1     1    54  -0.24550   0.00000  -0.00000   0.00000
   2     1    54  -0.00000   0.00000   0.00000  -0.20245
   3     1    54   0.00000   0.38394   0.00000   0.00000
   1     2     9   0.67897  -0.00000   0.00000  -0.00000
   2     2     9  -0.00000  -0.00000   0.70706   0.69244
   3     2     9  -0.00000  -0.17506   0.00000  -0.00000
   1     3     9   0.67897  -0.00000   0.00000  -0.00000
   2     3     9   0.00000   0.00000  -0.70706   0.69244
   3     3     9  -0.00000  -0.17506   0.00000   0.00000
   1     4    17   0.09414  -0.00000  -0.00000   0.00000
   2     4    17   0.00000   0.00000  -0.00000   0.00563
   3     4    17  -0.00000  -0.62901   0.00843   0.00000
   1     5    17   0.09414  -0.00000  -0.00000   0.00000
   2     5    17   0.00000  -0.00000  -0.00000   0.00563
   3     5    17   0.00000  -0.62901  -0.00843  -0.00000
