5 0 XeH4_B3LYP_3-21G
 1 2 1.0 3 1.0 4 1.0 5 1.0
 2
 3
 4
 5
      1         54           0        0.000000    0.000000    0.000000
      2          1           0        0.000000    2.011340    0.000000
      3          1           0        2.011340   -0.000000    0.000000
      4          1           0       -0.000000   -2.011340    0.000000
      5          1           0       -2.011340    0.000000    0.000000
                                1         2         3         4         5
                              B2G        EU        EU       B2U       A2U
        Frequencies ---  238.2124  576.2381  576.2381  698.5153  719.7989
     Reduced masses ---    1.0078    1.0181    1.0181    1.0078    1.0384
    Force constants ---    0.0337    0.1992    0.1992    0.2897    0.3170
     IR Intensities ---    0.0000    0.0000    0.0000    0.0000    0.0000
 Coord Atom Element:
   1     1    54   0.00000  -0.00004   0.00884  -0.00000  -0.00000
   2     1    54  -0.00000   0.00884   0.00004   0.00000   0.00000
   3     1    54  -0.00000  -0.00000   0.00000  -0.00000   0.01528
   1     2     1   0.50000   0.00294  -0.69710   0.00000   0.00000
   2     2     1  -0.00000   0.11836   0.00050   0.00000   0.00000
   3     2     1  -0.00000   0.00000  -0.00000   0.50000  -0.49994
   1     3     1   0.00000  -0.00050   0.11836  -0.00000   0.00000
   2     3     1   0.50000  -0.69710  -0.00294   0.00000  -0.00000
   3     3     1   0.00000   0.00000  -0.00000  -0.50000  -0.49994
   1     4     1  -0.50000   0.00294  -0.69710  -0.00000   0.00000
   2     4     1   0.00000   0.11836   0.00050  -0.00000  -0.00000
   3     4     1  -0.00000   0.00000  -0.00000   0.50000  -0.49994
   1     5     1  -0.00000  -0.00050   0.11836   0.00000  -0.00000
   2     5     1  -0.50000  -0.69710  -0.00294  -0.00000  -0.00000
   3     5     1   0.00000   0.00000  -0.00000  -0.50000  -0.49994
                                6         7         8         9
                              B1G        EU        EU       A1G
        Frequencies --- 1250.9446 1260.9421 1260.9421 1281.1781
     Reduced masses ---    1.0078    1.0277    1.0277    1.0078
    Force constants ---    0.9292    0.9628    0.9628    0.9747
     IR Intensities ---    0.0000    0.0000    0.0000    0.0000
 Coord Atom Element:
   1     1    54   0.00000   0.01233   0.00020   0.00000
   2     1    54   0.00000  -0.00020   0.01233   0.00000
   3     1    54   0.00000   0.00000   0.00000  -0.00000
   1     2     1  -0.00000  -0.10838  -0.00174  -0.00000
   2     2     1  -0.50000   0.01124  -0.69861   0.50000
   3     2     1   0.00000  -0.00000  -0.00000   0.00000
   1     3     1   0.50000  -0.69861  -0.01124   0.50000
   2     3     1  -0.00000   0.00174  -0.10838  -0.00000
   3     3     1  -0.00000  -0.00000  -0.00000   0.00000
   1     4     1  -0.00000  -0.10838  -0.00174  -0.00000
   2     4     1   0.50000   0.01124  -0.69861  -0.50000
   3     4     1   0.00000  -0.00000  -0.00000   0.00000
   1     5     1  -0.50000  -0.69861  -0.01124  -0.50000
   2     5     1  -0.00000   0.00174  -0.10838  -0.00000
   3     5     1  -0.00000  -0.00000  -0.00000   0.00000
