MOLECULE_DATA
NATOMS 5
ATOMS Xe H H H H
COORDINATES (Angstrom)
0.000000 0.000000 0.000000
0.000000 1.940185 -0.000000
1.940185 -0.000000 0.000000
-0.000000 -1.940185 -0.000000
-1.940185 0.000000 -0.000000
BONDS (AtomIndex1 AtomIndex2) [1-based]
1 2
1 3
1 4
1 5
NUM_MODES 9
MODE 1
FREQ 305.508700
VECTOR
-0.00000 0.00000 0.00000
0.50000 -0.00000 0.00000
0.00000 0.50000 -0.00000
-0.50000 -0.00000 0.00000
0.00000 -0.50000 -0.00000
MODE 2
FREQ 627.358600
VECTOR
-0.00718 -0.00000 0.00000
0.67636 -0.00000 0.00000
-0.20618 0.00001 -0.00000
0.67636 -0.00000 0.00000
-0.20618 0.00001 -0.00000
MODE 3
FREQ 627.358600
VECTOR
0.00000 -0.00718 -0.00000
-0.00001 -0.20618 0.00000
0.00000 0.67636 -0.00000
-0.00001 -0.20618 0.00000
0.00000 0.67636 -0.00000
MODE 4
FREQ 835.231200
VECTOR
0.00000 0.00000 0.00000
-0.00000 0.00000 0.50000
-0.00000 -0.00000 -0.50000
-0.00000 -0.00000 0.50000
0.00000 -0.00000 -0.50000
MODE 5
FREQ 863.256500
VECTOR
0.00000 -0.00000 0.01528
-0.00000 -0.00000 -0.49994
-0.00000 0.00000 -0.49994
-0.00000 0.00000 -0.49994
0.00000 0.00000 -0.49994
MODE 6
FREQ 1276.618000
VECTOR
-0.00001 0.01339 0.00000
0.00007 -0.67886 -0.00000
0.00026 -0.19763 0.00000
0.00007 -0.67886 -0.00000
0.00026 -0.19763 0.00000
MODE 7
FREQ 1276.618000
VECTOR
0.01339 0.00001 -0.00000
-0.19763 -0.00026 0.00000
-0.67886 -0.00007 0.00000
-0.19763 -0.00026 0.00000
-0.67886 -0.00007 0.00000
MODE 8
FREQ 1486.463400
VECTOR
-0.00000 0.00000 0.00000
0.00000 -0.50000 0.00000
0.50000 -0.00000 -0.00000
0.00000 0.50000 0.00000
-0.50000 -0.00000 -0.00000
MODE 9
FREQ 1517.155900
VECTOR
-0.00000 -0.00000 0.00000
0.00000 0.50000 -0.00000
0.50000 0.00000 -0.00000
0.00000 -0.50000 -0.00000
-0.50000 0.00000 -0.00000
END_MOLECULE_DATA
