MOLECULE_DATA
NATOMS 6
ATOMS Xe H H H H O
COORDINATES (Angstrom)
0.000000 -0.000000 0.278603
0.000000 1.825754 0.213505
-1.825754 0.000000 0.213505
-0.000000 -1.825754 0.213505
1.825754 -0.000000 0.213505
-0.000000 0.000000 -1.987321
BONDS (AtomIndex1 AtomIndex2) [1-based]
1 2
1 3
1 4
1 5
1 6
NUM_MODES 12
MODE 1
FREQ 302.852000
VECTOR
0.00000 0.00000 0.09788
0.00000 0.10623 0.22341
-0.10623 0.00000 0.22341
0.00000 -0.10623 0.22341
0.10623 0.00000 0.22341
-0.00000 -0.00000 -0.86350
MODE 2
FREQ 332.420400
VECTOR
0.00000 -0.00000 0.00000
0.50000 -0.00000 0.00000
-0.00000 -0.50000 -0.00000
-0.50000 -0.00000 -0.00000
-0.00000 0.50000 0.00000
-0.00000 -0.00000 -0.00000
MODE 3
FREQ 413.575500
VECTOR
0.00000 0.00216 -0.00000
0.00000 -0.09262 0.56354
-0.00000 0.41490 -0.00000
0.00000 -0.09262 -0.56354
-0.00000 0.41490 0.00000
-0.00000 -0.05839 0.00000
MODE 4
FREQ 413.575600
VECTOR
0.00216 -0.00000 -0.00000
0.41490 0.00000 -0.00000
-0.09262 0.00000 -0.56354
0.41490 0.00000 0.00000
-0.09262 -0.00000 0.56354
-0.05839 0.00000 0.00000
MODE 5
FREQ 485.864000
VECTOR
0.00992 0.00000 -0.00000
-0.54421 0.00000 0.00000
0.20755 -0.00000 -0.39992
-0.54421 0.00000 -0.00000
0.20755 -0.00000 0.39992
-0.03939 -0.00000 0.00000
MODE 6
FREQ 485.864000
VECTOR
-0.00000 0.00992 -0.00000
0.00000 0.20755 0.39992
-0.00000 -0.54421 0.00000
0.00000 0.20755 -0.39992
-0.00000 -0.54421 -0.00000
0.00000 -0.03939 0.00000
MODE 7
FREQ 1074.983800
VECTOR
-0.00000 -0.00000 -0.00000
0.00000 -0.02846 -0.49919
-0.02846 0.00000 0.49919
-0.00000 0.02846 -0.49919
0.02846 0.00000 0.49919
0.00000 0.00000 0.00000
MODE 8
FREQ 1164.868900
VECTOR
0.00000 0.00000 0.01734
0.00000 -0.03176 -0.49884
0.03176 -0.00000 -0.49884
0.00000 0.03176 -0.49884
-0.03176 -0.00000 -0.49884
-0.00000 -0.00000 -0.01730
MODE 9
FREQ 1726.357800
VECTOR
-0.00000 0.00000 0.00000
0.00000 0.49919 -0.02846
0.49919 -0.00000 0.02846
0.00000 -0.49919 -0.02846
-0.49919 -0.00000 0.02846
0.00000 0.00000 -0.00000
MODE 10
FREQ 1788.451400
VECTOR
-0.00000 -0.00000 0.00051
0.00000 -0.49880 0.03409
0.49880 0.00000 0.03409
0.00000 0.49880 0.03409
-0.49880 0.00000 0.03409
0.00000 -0.00000 -0.01277
MODE 11
FREQ 1817.836200
VECTOR
-0.00000 0.01362 0.00000
0.00000 -0.67374 0.04022
0.00000 -0.21063 0.00000
0.00000 -0.67374 -0.04022
0.00000 -0.21063 -0.00000
0.00000 -0.00088 -0.00000
MODE 12
FREQ 1817.836200
VECTOR
0.01362 0.00000 0.00000
-0.21063 -0.00000 0.00000
-0.67374 -0.00000 -0.04022
-0.21063 -0.00000 -0.00000
-0.67374 -0.00000 0.04022
-0.00088 -0.00000 -0.00000
END_MOLECULE_DATA
