1\1\GINC-BS001\Freq\RMP2-FC\3-21G\C10H8\PNATT\18-Aug-2026\0\\#N Geom=AllCheck Gu
ess=TCheck SCRF=Check GenChk RMP2(FC)/3-21G Freq\\Naphthalene C10H8 - size6to10_
D2h\\0,1\C,-0.8591275314,0.1260639613,-2.6954121414\C,-0.1392706532,1.3565854649
,-2.5981506079\C,0.520941202,1.6905932377,-1.4261826164\C,0.4938106624,0.8114396
949,-0.2949995761\C,1.1656717507,1.1271406502,0.9306258452\C,1.1206007667,0.2555
397446,2.0073014355\C,0.4007438885,-0.974981759,1.910039902\C,-0.2594679667,-1.3
089895318,0.7380719105\C,-0.2323374271,-0.429835989,-0.3931111297\C,-0.904198515
4,-0.7455369443,-1.6187365511\H,-1.3721784277,-0.122543138,-3.6210714616\H,-0.11
2723763,2.0303654393,-3.450903619\H,1.0704407275,2.6282038748,-1.3496184907\H,1.
7138532545,2.0659031526,1.0023719509\H,1.6336516629,0.5041468439,2.9329607558\H,
0.3741969983,-1.6487617334,2.7627929131\H,-0.8089674922,-2.2466001689,0.66150778
48\H,-1.4523800192,-1.6842994467,-1.6904826567\\Version=ES64L-G16RevC.01\State=1
-AG\HF=-381.208784\MP2=-382.0797209\RMSD=5.827e-10\RMSF=6.109e-05\ZeroPoint=0.14
56349\Thermal=0.1527418\ETot=-381.9269791\HTot=-381.9260349\GTot=-381.9641841\Di
pole=0.,0.,0.\DipoleDeriv=-0.0729904,0.0621703,0.0860449,0.0572132,-0.0710891,0.
0439924,0.0928001,0.0562094,0.0098338,-0.1222536,0.0366344,-0.0005686,0.0415915,
0.0025053,-0.0947973,-0.0073237,-0.1070143,-0.0144974,-0.0745677,0.1359194,-0.00
11839,0.1054353,0.0930587,-0.0703379,0.0403577,0.0047919,-0.0563075,-0.0232275,-
0.086156,0.0048486,-0.086156,-0.1177645,-0.0212709,0.0048486,-0.0212709,0.063379
6,-0.0566322,0.1129275,0.0743509,0.1434116,0.0662649,0.0597697,0.0328093,-0.0153
602,-0.0474491,-0.0729904,0.0621703,0.0860449,0.0572132,-0.0710891,0.0439924,0.0
928001,0.0562094,0.0098338,-0.1222536,0.0366344,-0.0005686,0.0415915,0.0025053,-
0.0947973,-0.0073237,-0.1070143,-0.0144974,-0.0745677,0.1359194,-0.0011839,0.105
4353,0.0930587,-0.070338,0.0403577,0.0047919,-0.0563075,-0.0232274,-0.0861559,0.
0048486,-0.0861559,-0.1177644,-0.0212709,0.0048486,-0.0212709,0.0633796,-0.05663
22,0.1129275,0.0743509,0.1434116,0.0662648,0.0597697,0.0328093,-0.0153602,-0.047
4491,0.0805841,-0.0448931,-0.0904704,-0.04501,0.0758397,-0.0206138,-0.0903111,-0
.0203258,-0.052763,0.1184655,-0.0291857,-0.0185144,-0.0290689,0.0192486,0.095792
3,-0.0186737,0.0955043,-0.0340533,0.0744409,-0.1027005,-0.0171439,-0.0854431,-0.
0327322,0.022332,-0.0406609,-0.0201997,0.0654988,0.0761808,-0.0847163,-0.0373633
,-0.1019737,-0.0353314,-0.0148665,-0.0138463,0.0276652,0.0663581,0.0805841,-0.04
48931,-0.0904704,-0.04501,0.0758397,-0.0206138,-0.0903111,-0.0203258,-0.052763,0
.1184655,-0.0291857,-0.0185144,-0.0290689,0.0192486,0.0957923,-0.0186737,0.09550
43,-0.0340533,0.0744409,-0.1027005,-0.0171438,-0.0854431,-0.0327323,0.022332,-0.
0406609,-0.0201997,0.0654988,0.0761808,-0.0847163,-0.0373633,-0.1019737,-0.03533
14,-0.0148665,-0.0138463,0.0276652,0.0663581\Polar=51.1351995,27.722202,88.16932
73,31.4493552,-20.4223373,128.3849461\PG=D02H [C2"(C1.C1),SG(C8H8)]\NImag=0\\0.2
8695572,0.18961141,0.51181164,0.18418994,-0.08382475,0.67555537,-0.10509192,-0.0
8200238,-0.03746637,0.27361902,-0.09721978,-0.20986127,-0.01432690,0.18404025,0.
53173538,-0.01672918,0.02317725,-0.11736257,0.15891284,-0.12470584,0.66896834,-0
.02174216,-0.02410834,-0.01291781,-0.11934665,-0.05211406,-0.12697751,0.30678933
,-0.01604937,-0.00614059,-0.03550717,-0.06730884,-0.12405642,-0.04999097,0.24670
548,0.57113616,-0.02389999,-0.05536894,0.01337947,-0.10627115,-0.01254258,-0.283
82898,0.17752278,-0.03626210,0.58527856,0.00121920,-0.00495430,0.00119958,-0.002
29274,0.01784974,-0.01318785,-0.05817550,-0.03505188,-0.01912078,0.25572561,-0.0
1122722,-0.02600606,0.01250026,0.02430940,0.02776468,0.01279410,-0.04241858,-0.1
6221731,0.07422158,0.18451287,0.49136436,0.00974787,0.02796023,-0.01060618,-0.02
199062,-0.00312612,-0.05674850,-0.00908196,0.09237725,-0.17930410,0.15516759,-0.
09119540,0.59743723,-0.00386239,-0.00438665,0.00199559,0.00905513,-0.00002870,0.
00389732,-0.00508577,0.00918335,-0.00568286,-0.09310456,-0.04964284,-0.08532192,
0.27998767,0.00092641,0.00026916,-0.00114510,-0.00449992,-0.00396977,0.00452577,
0.01807506,0.00766997,0.02338702,-0.05700954,-0.11003672,-0.03284666,0.23550959,
0.61117523,-0.00524466,-0.01423942,0.00423212,0.00999038,0.01554535,0.01092742,-
0.01779985,0.00147289,-0.05373359,-0.07528311,-0.01469100,-0.19655564,0.12672550
,-0.11841741,0.57204115,-0.00115934,-0.00475040,0.00233680,0.00332199,0.00429432
,0.00208854,0.00191875,-0.00300979,-0.00962828,0.00382956,0.02040721,-0.00158424
,-0.06848631,-0.03086811,-0.03058177,0.28695572,-0.00475040,-0.01225607,0.005701
52,0.00866222,0.01032564,0.00741391,-0.00748101,0.00669129,-0.01734942,0.0268668
8,0.01861856,0.03156082,-0.04606289,-0.20003679,0.10591151,0.18961141,0.51181164
,0.00233680,0.00570152,-0.00149131,-0.00386373,-0.00335104,-0.00485571,-0.003535
22,-0.00632983,0.00740275,-0.01038701,0.01564061,-0.05372468,-0.00987541,0.14335
991,-0.25870895,0.18418994,-0.08382475,0.67555537,0.00332199,0.00866222,-0.00386
373,-0.00493477,-0.00632752,-0.00481880,-0.00004134,-0.00279048,0.00923763,-0.01
038061,-0.00979990,-0.02078557,0.00316149,-0.01370531,0.03428215,-0.10509192,-0.
08200238,-0.03746637,0.27361902,0.00429432,0.01032564,-0.00335104,-0.00632752,-0
.00661593,-0.00587136,0.00252257,-0.00543911,0.01056757,-0.01607282,-0.00867708,
-0.02305670,-0.00564634,-0.04334420,0.04083013,-0.09721978,-0.20986127,-0.014326
90,0.18404025,0.53173537,0.00208854,0.00741391,-0.00485571,-0.00481880,-0.005871
36,-0.00335601,0.00199738,-0.00252675,0.00611934,-0.01223729,-0.00759673,-0.0163
3535,0.02329997,0.02096836,0.02567943,-0.01672918,0.02317725,-0.11736257,0.15891
284,-0.12470584,0.66896834,0.00191876,-0.00748101,-0.00353522,-0.00004134,0.0025
2257,0.00199738,0.00359115,-0.00483231,-0.00646606,-0.00335174,-0.00380622,0.026
22595,0.00029693,0.00091243,-0.01355475,-0.02174216,-0.02410834,-0.01291781,-0.1
1934665,-0.05211406,-0.12697751,0.30678933,-0.00300979,0.00669129,-0.00632983,-0
.00279048,-0.00543911,-0.00252675,-0.00483231,-0.00210081,0.00306348,-0.00483886
,-0.03278572,0.01655170,-0.00031240,-0.00191964,0.00905796,-0.01604937,-0.006140
59,-0.03550717,-0.06730884,-0.12405642,-0.04999097,0.24670548,0.57113616,-0.0096
2828,-0.01734942,0.00740275,0.00923763,0.01056757,0.00611934,-0.00646606,0.00306
348,-0.01122397,0.02763317,0.01909672,0.03019147,-0.01188563,0.01207664,-0.04045
770,-0.02389999,-0.05536894,0.01337947,-0.10627115,-0.01254258,-0.28382898,0.177
52278,-0.03626211,0.58527855,0.00382956,0.02686688,-0.01038701,-0.01038061,-0.01
607282,-0.01223729,-0.00335174,-0.00483886,0.02763317,-0.08182463,-0.07814163,-0
.03515778,-0.02135636,-0.01132731,-0.00789825,0.00121920,-0.00495430,0.00119958,
-0.00229274,0.01784974,-0.01318785,-0.05817550,-0.03505188,-0.01912078,0.2557256
1,0.02040721,0.01861857,0.01564061,-0.00979990,-0.00867708,-0.00759673,-0.003806
22,-0.03278572,0.01909672,-0.07814163,-0.17549469,0.01338143,-0.01235995,-0.0058
8858,-0.03863796,-0.01122722,-0.02600605,0.01250026,0.02430940,0.02776468,0.0127
9410,-0.04241858,-0.16221731,0.07422158,0.18451287,0.49136436,-0.00158424,0.0315
6082,-0.05372468,-0.02078557,-0.02305670,-0.01633535,0.02622595,0.01655170,0.030
19147,-0.03515778,0.01338143,-0.12923603,-0.00649104,-0.03609295,0.02129895,0.00
974787,0.02796023,-0.01060618,-0.02199062,-0.00312612,-0.05674850,-0.00908196,0.
09237725,-0.17930410,0.15516759,-0.09119540,0.59743723,-0.06848631,-0.04606289,-
0.00987541,0.00316149,-0.00564634,0.02329997,0.00029693,-0.00031240,-0.01188563,
-0.02135636,-0.01235995,-0.00649104,0.00416700,-0.00459177,-0.00537466,-0.003862
38,-0.00438665,0.00199559,0.00905513,-0.00002870,0.00389732,-0.00508577,0.009183
35,-0.00568286,-0.09310456,-0.04964283,-0.08532192,0.27998767,-0.03086811,-0.200
03679,0.14335991,-0.01370531,-0.04334420,0.02096836,0.00091243,-0.00191964,0.012
07664,-0.01132731,-0.00588858,-0.03609295,-0.00459177,-0.00296107,0.00482863,0.0
0092640,0.00026916,-0.00114510,-0.00449992,-0.00396976,0.00452577,0.01807506,0.0
0766997,0.02338702,-0.05700954,-0.11003672,-0.03284666,0.23550959,0.61117523,-0.
03058177,0.10591151,-0.25870895,0.03428215,0.04083013,0.02567943,-0.01355475,0.0
0905796,-0.04045770,-0.00789826,-0.03863796,0.02129895,-0.00537465,0.00482863,-0
.01093955,-0.00524466,-0.01423942,0.00423212,0.00999038,0.01554535,0.01092742,-0
.01779985,0.00147289,-0.05373359,-0.07528311,-0.01469100,-0.19655564,0.12672550,
-0.11841741,0.57204115,-0.10248579,-0.04160550,-0.12138629,-0.00690201,-0.000364
45,-0.01315470,0.00346332,-0.00486775,-0.00102800,-0.00083534,0.00047361,0.00106
360,-0.00067420,0.00043774,0.00005134,0.00007699,-0.00017513,0.00002150,-0.00045
849,0.00038321,0.00028849,0.00029238,-0.00010890,-0.00013183,0.00734671,-0.00419
029,-0.00193418,0.00149441,0.00042896,0.00454040,0.10233852,-0.04214185,-0.06935
714,-0.05053870,-0.01200965,-0.00371320,-0.02639569,-0.00474803,-0.00313058,0.00
152014,0.00062313,-0.00097460,0.00078057,0.00027560,0.00001412,-0.00061698,-0.00
021440,-0.00031736,0.00012906,0.00045429,-0.00017850,0.00028981,0.00036438,0.000
82882,0.00032197,-0.00429420,-0.00074787,0.00467424,0.01254394,0.00703370,0.0205
3297,0.04702091,0.07087070,-0.12065538,-0.04921683,-0.26052100,0.00271454,0.0023
0456,0.00218671,-0.00119114,0.00122508,0.00196687,0.00085983,0.00041205,0.000028
82,0.00027230,-0.00021737,0.00003025,0.00007502,0.00022585,0.00004222,0.00019163
,0.00011463,-0.00047137,-0.00077679,-0.00084447,-0.00035758,-0.00179258,0.004930
34,-0.00068818,-0.01196904,-0.00932511,-0.01737585,0.13028834,0.05129746,0.27467
299,-0.00025276,-0.00923205,0.01531687,-0.04027009,-0.01615241,-0.00273777,0.000
95081,0.01231686,-0.01299933,0.00553756,-0.00504994,-0.00522147,0.00058360,0.000
48604,-0.00022483,-0.00059774,0.00039612,-0.00007229,-0.00003576,-0.00026150,-0.
00013868,-0.00051806,0.00034082,0.00056822,-0.00139869,0.00038780,-0.00020789,0.
00283893,-0.00500885,-0.00237454,-0.00112741,0.00103624,0.00049713,0.03658506,0.
00241315,-0.01364652,0.02268653,-0.01561605,-0.16230132,0.14149335,0.00020188,0.
00784578,-0.01099141,-0.00494603,0.00195482,-0.00061526,0.00001275,0.00039376,0.
00004822,0.00032504,0.00002953,-0.00031221,-0.00022223,-0.00014892,-0.00011977,0
.00050296,-0.00021913,0.00026123,0.00023828,-0.00013301,-0.00131478,-0.00512857,
-0.00219781,-0.00068885,0.00068086,-0.00002751,-0.00087653,0.01955363,0.16909994
,-0.00055237,-0.00601373,0.00547079,-0.00346868,0.14017148,-0.22979253,0.0035101
1,0.01886667,-0.01764433,-0.00536307,-0.00087135,-0.00158172,0.00042013,0.001214
66,-0.00021374,0.00002457,-0.00013704,-0.00054014,-0.00019220,-0.00021656,-0.000
01346,0.00034727,-0.00013838,0.00010737,-0.00000412,-0.00094626,-0.00024942,-0.0
0221139,-0.00039379,0.00165848,0.00098142,-0.00000068,0.00051760,0.00566561,-0.1
5025702,0.24219721,0.00599530,-0.00340518,-0.00497374,-0.00646935,-0.01225956,0.
00199723,-0.10750030,-0.13104294,-0.01882056,-0.00125193,0.00218022,-0.00036862,
-0.00037783,0.00140801,0.00050069,-0.00021876,-0.00001624,0.00021169,0.00003721,
0.00011305,0.00008242,0.00000504,0.00008785,-0.00021509,0.00483220,-0.00164601,-
0.00176057,-0.00097608,0.00097955,0.00005932,-0.00019389,-0.00073114,0.00001129,
-0.00264685,0.00207735,0.00105575,0.10916417,-0.00353944,0.00303392,0.00062833,-
0.00029101,-0.00288138,0.00252652,-0.13145301,-0.25657506,-0.01167845,-0.0091894
7,-0.01549630,-0.00467572,0.00068358,0.00058216,-0.00096124,0.00026030,0.0001443
0,0.00004197,0.00000541,0.00005405,-0.00014036,-0.00063045,-0.00065502,-0.000601
56,-0.00141585,0.00107634,0.00384252,0.00097591,0.00019798,0.00003437,-0.0001670
3,-0.00020622,0.00014982,0.00178675,-0.00008557,-0.00123582,0.14215178,0.2708702
9,-0.00479079,0.00095921,-0.00321808,-0.01431265,-0.02697064,0.00097826,-0.01826
175,-0.01066783,-0.05787596,0.01512518,0.02334553,0.00315539,0.00148789,0.000824
15,0.00118438,-0.00016517,-0.00063959,0.00016885,0.00022910,0.00012491,0.0003356
7,0.00076375,0.00116872,0.00033339,-0.00207423,0.00327525,-0.00311866,0.00006428
,0.00004334,-0.00144241,-0.00075744,-0.00124047,0.00002946,0.00145176,-0.0005196
1,0.00006218,0.02155777,0.01094915,0.06002666,-0.00001076,-0.00001462,0.00013818
,-0.00008503,0.00031617,0.00008830,-0.00061674,0.00058378,0.00103508,-0.00834729
,-0.01215343,0.00167731,-0.10741839,-0.13141879,-0.01810651,0.00059040,0.0026580
7,-0.00093229,0.00711391,-0.00307216,-0.00267069,-0.00092944,0.00099539,0.000152
67,0.00382855,-0.00183510,-0.00397644,-0.00024327,-0.00073418,0.00029313,0.00002
595,0.00003758,-0.00002932,0.00012146,-0.00004909,-0.00009142,0.00021067,0.00049
283,-0.00057687,0.10904591,0.00009301,0.00012572,-0.00002214,0.00003962,-0.00005
549,-0.00022965,0.00130821,0.00093906,0.00009182,-0.00078374,-0.00489652,0.00159
606,-0.13100873,-0.25669742,-0.01041676,-0.00931048,-0.01342795,-0.00533034,-0.0
0293791,0.00136284,0.00438808,0.00099903,0.00012831,0.00018630,-0.00206527,0.002
57569,0.00019877,-0.00001588,-0.00028407,0.00040758,0.00000248,0.00004251,-0.000
02856,-0.00008095,0.00004723,-0.00001081,-0.00016340,0.00036727,-0.00066849,0.14
210238,0.27104696,-0.00000850,-0.00028740,0.00031197,0.00046515,0.00045190,0.000
23490,0.00004788,-0.00169358,0.00106638,-0.01381649,-0.02642519,-0.00034903,-0.0
1866532,-0.01142738,-0.05783550,0.01537759,0.02416682,0.00446509,-0.00285365,0.0
0405720,-0.00266560,0.00014771,0.00017733,-0.00141937,-0.00366279,0.00076604,-0.
00361436,-0.00068572,-0.00136271,0.00021075,0.00001851,0.00005794,-0.00001626,-0
.00004801,0.00006771,-0.00002489,0.00031740,0.00094884,-0.00033853,0.02133363,0.
01058663,0.05996825,0.00007699,-0.00017513,0.00002150,-0.00045849,0.00038321,0.0
0028849,0.00029238,-0.00010890,-0.00013183,0.00734671,-0.00419029,-0.00193418,0.
00149441,0.00042896,0.00454040,-0.10248579,-0.04160550,-0.12138629,-0.00690201,-
0.00036445,-0.01315470,0.00346332,-0.00486775,-0.00102800,-0.00083534,0.00047361
,0.00106360,-0.00067420,0.00043774,0.00005134,0.00006825,-0.00003589,-0.00004255
,-0.00001192,0.00001384,0.00001251,0.00012854,-0.00004613,-0.00007800,-0.0025460
1,0.00211948,0.00124687,0.10233852,-0.00021440,-0.00031736,0.00012906,0.00045429
,-0.00017850,0.00028981,0.00036438,0.00082882,0.00032197,-0.00429420,-0.00074787
,0.00467424,0.01254394,0.00703370,0.02053297,-0.04214185,-0.06935714,-0.05053870
,-0.01200965,-0.00371320,-0.02639569,-0.00474803,-0.00313058,0.00152014,0.000623
13,-0.00097460,0.00078057,0.00027560,0.00001412,-0.00061698,-0.00003589,0.000034
08,0.00000867,0.00006821,0.00002864,0.00009550,-0.00007799,0.00003665,0.00001091
,0.00182888,-0.00023621,-0.00092671,0.04702091,0.07087070,0.00007502,0.00022585,
0.00004222,0.00019163,0.00011463,-0.00047137,-0.00077679,-0.00084447,-0.00035758
,-0.00179258,0.00493033,-0.00068818,-0.01196904,-0.00932511,-0.01737585,-0.12065
538,-0.04921683,-0.26052100,0.00271454,0.00230456,0.00218671,-0.00119114,0.00122
508,0.00196687,0.00085983,0.00041206,0.00002882,0.00027230,-0.00021737,0.0000302
5,-0.00004255,0.00000867,-0.00001131,-0.00006160,-0.00003851,-0.00012397,-0.0000
3458,0.00008942,-0.00002139,0.00164289,-0.00021050,0.00011199,0.13028834,0.05129
746,0.27467299,-0.00059774,0.00039612,-0.00007229,-0.00003576,-0.00026150,-0.000
13868,-0.00051806,0.00034082,0.00056822,-0.00139869,0.00038780,-0.00020789,0.002
83893,-0.00500885,-0.00237454,-0.00025276,-0.00923205,0.01531687,-0.04027009,-0.
01615241,-0.00273777,0.00095081,0.01231686,-0.01299933,0.00553756,-0.00504994,-0
.00522147,0.00058360,0.00048604,-0.00022483,-0.00001192,0.00006821,-0.00006160,0
.00007673,-0.00003235,-0.00002647,0.00002322,0.00003644,-0.00003449,0.00014192,-
0.00059086,0.00064776,-0.00112741,0.00103624,0.00049713,0.03658506,0.00032504,0.
00002953,-0.00031221,-0.00022223,-0.00014892,-0.00011977,0.00050296,-0.00021913,
0.00026123,0.00023828,-0.00013301,-0.00131478,-0.00512857,-0.00219781,-0.0006888
5,0.00241315,-0.01364652,0.02268653,-0.01561605,-0.16230132,0.14149335,0.0002018
8,0.00784578,-0.01099141,-0.00494603,0.00195482,-0.00061526,0.00001275,0.0003937
6,0.00004822,0.00001384,0.00002864,-0.00003851,-0.00003235,0.00002141,0.00003467
,0.00000134,0.00004660,-0.00003693,-0.00002675,-0.00070789,0.00117919,0.00068086
,-0.00002751,-0.00087653,0.01955363,0.16909994,0.00002457,-0.00013704,-0.0005401
4,-0.00019220,-0.00021656,-0.00001346,0.00034727,-0.00013838,0.00010737,-0.00000
412,-0.00094626,-0.00024942,-0.00221139,-0.00039379,0.00165848,-0.00055237,-0.00
601373,0.00547079,-0.00346868,0.14017148,-0.22979253,0.00351011,0.01886667,-0.01
764433,-0.00536307,-0.00087135,-0.00158172,0.00042013,0.00121466,-0.00021374,0.0
0001251,0.00009550,-0.00012397,-0.00002647,0.00003467,-0.00000712,0.00001333,0.0
0004956,-0.00001761,-0.00012098,-0.00021110,0.00019532,0.00098142,-0.00000068,0.
00051760,0.00566561,-0.15025702,0.24219721,-0.00021876,-0.00001624,0.00021169,0.
00003721,0.00011305,0.00008242,0.00000504,0.00008785,-0.00021509,0.00483220,-0.0
0164601,-0.00176057,-0.00097608,0.00097955,0.00005932,0.00599530,-0.00340518,-0.
00497374,-0.00646935,-0.01225956,0.00199723,-0.10750030,-0.13104294,-0.01882056,
-0.00125193,0.00218022,-0.00036862,-0.00037783,0.00140801,0.00050069,0.00012854,
-0.00007799,-0.00003458,0.00002322,0.00000134,0.00001333,0.00017385,-0.00009727,
-0.00005561,-0.00093522,0.00044060,0.00042189,-0.00019389,-0.00073114,0.00001129
,-0.00264685,0.00207735,0.00105575,0.10916417,0.00026030,0.00014430,0.00004197,0
.00000541,0.00005405,-0.00014036,-0.00063045,-0.00065502,-0.00060156,-0.00141585
,0.00107634,0.00384252,0.00097591,0.00019798,0.00003437,-0.00353944,0.00303392,0
.00062834,-0.00029101,-0.00288138,0.00252652,-0.13145301,-0.25657506,-0.01167845
,-0.00918947,-0.01549630,-0.00467572,0.00068358,0.00058216,-0.00096124,-0.000046
13,0.00003665,0.00008942,0.00003644,0.00004660,0.00004956,-0.00009727,-0.0001461
1,0.00030033,0.00043665,-0.00036389,-0.00026767,-0.00016703,-0.00020622,0.000149
82,0.00178675,-0.00008557,-0.00123582,0.14215178,0.27087029,-0.00016517,-0.00063
959,0.00016885,0.00022910,0.00012491,0.00033567,0.00076375,0.00116872,0.00033339
,-0.00207423,0.00327525,-0.00311866,0.00006428,0.00004334,-0.00144241,-0.0047907
9,0.00095921,-0.00321808,-0.01431265,-0.02697064,0.00097826,-0.01826175,-0.01066
783,-0.05787596,0.01512518,0.02334553,0.00315539,0.00148789,0.00082415,0.0011843
8,-0.00007800,0.00001091,-0.00002139,-0.00003449,-0.00003693,-0.00001761,-0.0000
5561,0.00030033,-0.00029613,0.00042726,-0.00025795,0.00005451,-0.00075744,-0.001
24047,0.00002946,0.00145176,-0.00051961,0.00006218,0.02155777,0.01094914,0.06002
666,0.00059040,0.00265807,-0.00093229,0.00711391,-0.00307216,-0.00267069,-0.0009
2944,0.00099539,0.00015267,0.00382855,-0.00183510,-0.00397644,-0.00024327,-0.000
73418,0.00029313,-0.00001076,-0.00001462,0.00013818,-0.00008503,0.00031617,0.000
08830,-0.00061674,0.00058378,0.00103508,-0.00834729,-0.01215343,0.00167731,-0.10
741839,-0.13141879,-0.01810651,-0.00254601,0.00182888,0.00164289,0.00014192,-0.0
0002675,-0.00012098,-0.00093522,0.00043665,0.00042726,0.00005339,-0.00014759,-0.
00028393,0.00002595,0.00003758,-0.00002932,0.00012146,-0.00004909,-0.00009142,0.
00021067,0.00049283,-0.00057687,0.10904591,-0.00931048,-0.01342795,-0.00533034,-
0.00293791,0.00136284,0.00438808,0.00099903,0.00012831,0.00018630,-0.00206527,0.
00257569,0.00019877,-0.00001588,-0.00028407,0.00040758,0.00009301,0.00012572,-0.
00002214,0.00003962,-0.00005549,-0.00022965,0.00130821,0.00093907,0.00009182,-0.
00078374,-0.00489652,0.00159606,-0.13100873,-0.25669742,-0.01041676,0.00211948,-
0.00023621,-0.00021050,-0.00059086,-0.00070789,-0.00021110,0.00044060,-0.0003638
9,-0.00025795,-0.00014759,0.00003386,-0.00006893,0.00000248,0.00004251,-0.000028
56,-0.00008095,0.00004723,-0.00001080,-0.00016340,0.00036727,-0.00066849,0.14210
238,0.27104696,0.01537759,0.02416682,0.00446509,-0.00285365,0.00405720,-0.002665
60,0.00014771,0.00017733,-0.00141937,-0.00366279,0.00076604,-0.00361436,-0.00068
572,-0.00136271,0.00021075,-0.00000850,-0.00028740,0.00031198,0.00046515,0.00045
190,0.00023490,0.00004788,-0.00169358,0.00106638,-0.01381649,-0.02642519,-0.0003
4903,-0.01866532,-0.01142738,-0.05783550,0.00124687,-0.00092671,0.00011199,0.000
64776,0.00117919,0.00019532,0.00042189,-0.00026767,0.00005451,-0.00028393,-0.000
06893,-0.00035562,0.00001851,0.00005794,-0.00001626,-0.00004801,0.00006771,-0.00
002489,0.00031740,0.00094884,-0.00033853,0.02133363,0.01058663,0.05996825\\-0.00
000591,-0.00002861,0.00002442,0.00002024,0.00001609,0.00002795,-0.00006320,-0.00
007588,-0.00005236,0.00013457,0.00023003,0.00001818,-0.00003831,-0.00009763,0.00
003864,0.00000591,0.00002861,-0.00002442,-0.00002024,-0.00001609,-0.00002795,0.0
0006320,0.00007588,0.00005236,-0.00013457,-0.00023003,-0.00001818,0.00003831,0.0
0009763,-0.00003864,0.00000313,0.00001125,-0.00000762,-0.00000770,-0.00000726,-0
.00000909,0.00000905,0.00000011,0.00002215,-0.00000284,0.00001050,-0.00002131,-0
.00000313,-0.00001125,0.00000762,0.00000770,0.00000726,0.00000909,-0.00000905,-0
.00000011,-0.00002215,0.00000284,-0.00001050,0.00002131\\\@
