1\1\GINC-BS001\Freq\RMP2-FC\3-21G\Cl1H1O1\PNATT\18-Aug-2026\0\\#N Geom=AllCheck 
Guess=TCheck SCRF=Check GenChk RMP2(FC)/3-21G Freq\\HOCl - size1_Cs\\0,1\O,-0.01
85512094,0.0620408023,0.\H,0.9706744292,0.2459504313,0.\Cl,-0.0128232198,-1.7800
912336,0.\\Version=ES64L-G16RevC.01\State=1-A'\HF=-532.2428106\MP2=-532.4210329\
RMSD=6.580e-10\RMSF=1.476e-05\ZeroPoint=0.0120565\Thermal=0.0150288\ETot=-532.40
60041\HTot=-532.4050599\GTot=-532.4321321\Dipole=0.7710848,0.1337106,0.\DipoleDe
riv=0.0074594,-0.1239748,0.,-0.0465471,-0.086502,0.,0.,0.,-0.4152374,0.025957,0.
0339035,0.,-0.0047707,0.2520158,0.,0.,0.,0.4124687,-0.0334164,0.0900713,0.,0.051
3178,-0.1655138,0.,0.,0.,0.0027687\Polar=7.8248066,2.2356318,21.7327803,0.,0.,3.
2712905\PG=CS [SG(Cl1H1O1)]\NImag=0\\0.41497387,0.07248041,0.22050790,0.,0.,0.00
001707,-0.39567243,-0.08812188,0.,0.39317218,-0.03741328,-0.04450742,0.,0.068321
02,0.07042469,0.,0.,-0.00001608,0.,0.,0.00001660,-0.01930144,0.01564147,0.,0.002
50025,-0.03090774,0.,0.01680119,-0.03506713,-0.17600048,0.,0.01980086,-0.0259172
7,0.,0.01526627,0.20191775,0.,0.,-0.00000100,0.,0.,-0.00000053,0.,0.,0.00000152\
\-0.00003006,-0.00000214,0.,0.00003104,0.00000761,0.,-0.00000097,-0.00000547,0.\
\\@
