1\1\GINC-BS001\Freq\RMP2-FC\3-21G\H2O1\PNATT\18-Aug-2026\0\\#N Geom=AllCheck Gue
ss=TCheck SCRF=Check GenChk RMP2(FC)/3-21G Freq\\H2O - size1_C2v\\0,1\O,0.,0.,0.
1269719753\H,0.,0.7854518019,-0.4740359877\H,0.,-0.7854518019,-0.4740359877\\Ver
sion=ES64L-G16RevC.01\State=1-A1\HF=-75.5850196\MP2=-75.7078012\RMSD=3.063e-10\R
MSF=2.811e-05\ZeroPoint=0.0202539\Thermal=0.0230883\ETot=-75.6847129\HTot=-75.68
37687\GTot=-75.7052676\Dipole=0.,0.,-0.9081879\DipoleDeriv=-0.7996439,0.,0.,0.,-
0.2763141,0.,0.,0.,-0.193435,0.3998219,0.,0.,0.,0.1381571,0.1353872,0.,0.2002194
,0.0967175,0.3998219,0.,0.,0.,0.1381571,-0.1353872,0.,-0.2002194,0.0967175\Polar
=0.7778678,0.,7.157062,0.,0.,4.1167314\PG=C02V [C2(O1),SGV(H2)]\NImag=0\\-0.0000
4418,0.,0.59809153,0.,0.,0.37018501,0.00002209,0.,0.,-0.00002480,0.,-0.29904576,
0.14831786,0.,0.33611526,0.,0.22883920,-0.18509250,0.,-0.18857853,0.18008350,0.0
0002209,0.,0.,0.00000271,0.,0.,-0.00002480,0.,-0.29904576,-0.14831786,0.,-0.0370
6950,-0.04026067,0.,0.33611526,0.,-0.22883920,-0.18509250,0.,0.04026067,0.005009
01,0.,0.18857853,0.18008350\\0.,0.,-0.00005018,0.,-0.00004084,0.00002509,0.,0.00
004084,0.00002509\\\@
