1\1\GINC-BS001\Freq\RMP2-FC\3-21G\C7H8\PNATT\18-Aug-2026\0\\#N Geom=AllCheck Gue
ss=TCheck SCRF=Check GenChk RMP2(FC)/3-21G Freq\\1,3,5-Cycloheptatriene C7H8 - s
ize6to10_Cs\\0,1\C,-1.485216491,-0.2525229521,-1.4398316185\C,-0.5927507123,0.76
44171351,-1.3199123375\C,0.8590263465,0.5971649963,-1.3386891371\C,1.5420769441,
-0.3370907093,-2.0760586259\C,0.9330847425,-1.3225739082,-2.9670882759\C,-0.2705
325736,-1.913930444,-2.7511120159\C,-1.0151287787,-1.7015120536,-1.439240398\H,-
2.550850429,-0.0471964921,-1.5170327935\H,-0.9618340652,1.7862383687,-1.23517337
22\H,1.4436927669,1.3528206951,-0.8142242665\H,2.6297300795,-0.2694048474,-2.094
5799676\H,1.4847649644,-1.5601449163,-3.8763356548\H,-0.7102591806,-2.5647008781
,-3.5039951539\H,-1.8635449665,-2.3873854845,-1.3561477519\H,-0.3321060033,-1.86
87393477,-0.5946540974\\Version=ES64L-G16RevC.01\State=1-A'\HF=-268.1764144\MP2=
-268.7989648\RMSD=1.107e-09\RMSF=5.388e-05\ZeroPoint=0.1291633\Thermal=0.1348514
\ETot=-268.6641134\HTot=-268.6631692\GTot=-268.6988711\Dipole=-0.0830503,-0.0091
339,-0.0653596\DipoleDeriv=0.0549676,-0.1036661,0.0316007,-0.0537702,0.0993967,0
.0535584,0.0975705,0.0617453,-0.1945869,-0.0452405,-0.0321825,-0.0499442,-0.0819
934,0.0543107,-0.0069058,-0.0195869,-0.0712235,-0.1981783,0.088991,-0.0016027,0.
0506873,0.0753727,-0.037676,0.0999008,0.094669,0.1311747,-0.1012923,0.1245824,0.
0739666,0.0628849,-0.0074669,-0.0943161,0.1200925,0.0245515,0.0929482,-0.0802436
,-0.1294014,0.0379096,-0.0921345,0.0711506,-0.0935771,0.0097452,-0.1014975,0.089
4122,0.0338704,0.0267989,0.0709141,-0.0338406,-0.0028152,-0.1563858,0.1296519,-0
.0696132,0.1435427,0.0893642,0.0660073,0.0885306,0.0565131,0.1502066,0.0676552,-
0.0936652,-0.021631,-0.1507978,0.0549354,-0.103659,0.0432474,-0.0069672,0.040133
3,0.0126959,-0.0021306,-0.0152371,0.0138483,0.1469029,0.0250116,0.0470033,0.0090
283,0.0616188,-0.0930519,-0.0328049,-0.0308692,-0.0136017,0.1441747,-0.0096517,-
0.0561174,-0.0408515,-0.0670923,-0.0069758,-0.1007147,-0.0547807,-0.0928449,0.07
98606,-0.1209184,-0.0262506,-0.0015938,-0.0156317,0.089944,-0.0456736,0.0127865,
-0.0532136,0.0942075,0.0192974,-0.0212304,0.0794906,-0.0084871,0.1068547,-0.0450
63,0.0847241,-0.0896096,-0.0500178,0.0482516,-0.0736371,-0.0143532,-0.0748181,0.
0456008,-0.0922375,-0.0006413,-0.1042377,-0.0379126,-0.052195,-0.1050049,0.03313
79,-0.0884958,-0.0232965,0.018055,0.0122207,0.0027621,0.0634752,0.0071583,0.0581
2,-0.0836577,0.0020886,0.028821,-0.0118085,-0.0126653,0.0400953,-0.0445595\Polar
=73.7930188,7.635241,63.247359,-6.7059948,16.3747956,43.6300033\PG=CS [SG(C1H2),
X(C6H6)]\NImag=0\\0.73264426,0.09429293,0.60994123,0.04716133,0.01397436,0.13452
037,-0.26119698,-0.15758525,-0.00884813,0.62121579,-0.17273083,-0.30596299,-0.02
369510,0.06504640,0.74200847,-0.02581513,-0.02530434,-0.05221718,0.01591190,0.07
078613,0.13948268,-0.03983336,-0.02033059,-0.01622353,-0.22177964,0.02800015,-0.
00466720,0.60412756,-0.02623650,0.01613284,0.00450908,-0.00031525,-0.11033892,-0
.01572571,-0.01497590,0.53110389,-0.00459803,0.00184274,0.00889940,-0.00678747,-
0.01362755,-0.06689685,-0.00908992,0.28427480,0.32742865,0.00097505,0.00391123,0
.00203449,-0.02398722,0.02751227,0.01884164,-0.19330678,0.11002216,0.08843270,0.
68238810,-0.00617749,-0.01553632,-0.01180628,0.03557362,0.00985979,-0.00146609,0
.07216277,-0.22626543,-0.13224081,-0.03255744,0.43278956,-0.00393552,-0.00364558
,-0.00728029,0.01569082,0.00108125,0.00218215,0.07119297,-0.14953097,-0.15162271
,-0.06062024,0.25818126,0.34748242,0.00112361,0.00379113,0.00903019,-0.01445924,
-0.00298214,0.00160436,0.02979818,0.00582581,-0.00440557,-0.13053713,-0.03529832
,-0.01051671,0.64325232,0.00242951,0.00796619,0.00639686,-0.01540834,-0.00623284
,0.00150716,0.00828934,-0.02378091,-0.03009621,-0.04769152,-0.12965725,-0.061539
03,0.19434814,0.34707278,0.00248777,0.00798256,0.00522520,-0.00788008,0.00106531
,-0.00303125,-0.00046388,-0.02236342,-0.01796256,-0.03281060,-0.07419015,-0.1388
2102,-0.16869721,0.15116669,0.51238185,-0.01313851,0.00546961,0.00242170,0.01588
884,-0.00078892,0.00090831,-0.01586169,0.00752050,0.01333998,-0.01941841,-0.0315
3202,-0.02128421,-0.36202076,-0.14480887,0.07004942,0.60519667,0.01795204,-0.013
36194,-0.01921326,-0.00530282,-0.00281600,-0.00184142,0.00325505,-0.00187643,-0.
00170599,-0.02694792,-0.00576527,0.00166566,-0.16448322,-0.14609853,-0.00010808,
0.26811705,0.37286671,0.01087544,-0.01730095,-0.00704275,-0.00164015,0.00266434,
0.00124216,-0.00000817,0.00106042,-0.00410345,-0.02294968,-0.01071794,0.01038256
,0.05882042,0.00247783,-0.11125788,-0.05288196,0.15134467,0.49904249,-0.09748711
,0.02819125,-0.00459281,0.00666839,-0.01960455,0.00126352,0.00254599,-0.00245284
,-0.00078127,-0.00011223,0.00450194,0.00401377,-0.02304533,0.00094017,0.03251227
,-0.09502366,-0.01217449,0.03670547,0.57279356,0.02625724,-0.17484494,0.00425575
,0.01330022,-0.03621538,-0.00048459,-0.00187645,0.00138656,0.00278982,0.00055030
,-0.00647221,-0.00246346,0.00077796,0.00839995,0.01416589,-0.01750311,-0.0643884
6,-0.00862782,0.09174785,0.47858316,-0.00966473,0.02268205,-0.05043897,-0.011170
61,-0.00916565,0.00077238,0.00958833,-0.00446143,-0.00589731,-0.00207935,0.00791
440,0.00461969,0.00346119,-0.00748360,-0.01412923,0.05097923,-0.02032650,-0.1633
5891,0.05652211,-0.03195153,0.47912802,-0.32880219,0.04894703,-0.02049264,-0.016
81822,0.00921100,-0.00106352,-0.00044410,-0.00325984,-0.00220000,0.00057506,-0.0
0017125,-0.00035927,0.00018299,0.00018501,0.00007844,0.00006935,0.00002581,0.000
12086,-0.00344069,-0.00287236,-0.00113457,0.34764946,0.05574390,-0.06844290,0.00
186410,-0.03000251,0.00542000,-0.00052357,-0.00148290,-0.00312717,-0.00093042,-0
.00017581,-0.00075156,-0.00034365,0.00042782,0.00053400,-0.00055870,-0.00043958,
-0.00129961,0.00101285,0.02823706,-0.00485718,0.00341353,-0.05232333,0.07267551,
-0.02122837,0.00201204,-0.03545932,0.00094942,0.00169774,0.00469417,-0.00225867,
0.00089217,0.01274461,-0.00159092,-0.00211503,-0.00269789,0.00242086,0.00142442,
0.00183429,-0.00184175,-0.00019016,0.00114341,0.00046016,-0.00317736,0.00167227,
0.02332144,-0.00334331,0.02378922,0.00838560,-0.02633057,-0.00143009,-0.08858435
,0.09009082,0.00439158,-0.01158431,0.03264618,0.00454186,-0.00484705,-0.00111347
,-0.00188831,0.00016461,0.00005112,-0.00076774,-0.00019120,-0.00007283,0.0006531
9,-0.00232740,-0.00232588,-0.00083416,0.00081959,0.00005707,0.00016087,0.0977473
8,0.01176170,-0.02224002,-0.00171845,0.08669077,-0.29843330,-0.02297873,-0.00310
490,0.00023071,-0.00111686,0.00023678,0.00049781,0.00061189,-0.00012336,0.000129
94,0.00021817,-0.00020349,0.00026120,0.00038904,-0.00375517,-0.00120125,-0.00135
802,-0.00080466,0.00104225,0.00075925,-0.09172249,0.31989502,0.00503814,0.001567
68,0.00451387,-0.00379112,-0.02470187,-0.03721758,0.00731823,-0.00154534,0.00021
447,-0.00114187,0.00191568,0.00375949,-0.00171527,-0.00155455,-0.00114376,0.0005
9693,0.00088470,0.00100964,-0.00130409,-0.00067118,0.00801965,0.00068553,0.00026
053,-0.00629139,-0.00660073,0.02534757,0.02672813,-0.00501763,0.00303426,-0.0007
9137,-0.01618612,-0.02528566,-0.01435741,-0.13821615,-0.10268580,-0.07458757,0.0
0990469,0.01651074,0.01213453,-0.00122269,0.00168288,0.00140527,-0.00042323,0.00
021144,0.00069408,0.00033854,0.00031739,-0.00042246,-0.00112200,-0.00126013,0.00
093114,0.00058822,0.00057282,0.00015381,0.14944373,0.00096817,0.00192615,-0.0005
8125,0.00222789,0.00419878,0.00284784,-0.09703433,-0.18417938,-0.10407199,-0.016
08840,-0.01376999,-0.01025672,0.00310496,0.00260304,-0.00682035,0.00147028,0.000
06813,0.00091105,-0.00002631,0.00050406,-0.00069697,0.00003498,0.00024978,0.0000
9060,-0.00051541,0.00054193,0.00045830,0.10612411,0.19101321,0.00068615,-0.00184
207,0.00033281,0.00682401,0.00236415,0.00379773,-0.07435996,-0.09851691,-0.10297
482,-0.00829359,-0.01656257,-0.00926652,0.00216471,-0.00589027,0.00745409,-0.001
37879,0.00046707,-0.00109628,0.00035122,-0.00097157,0.00125457,0.00043486,-0.000
22380,-0.00049607,-0.00023842,0.00022453,-0.00049951,0.07438784,0.11610825,0.105
24575,0.00049975,-0.00021872,-0.00010926,0.00100969,0.00169982,0.00183972,-0.014
99854,-0.00349644,-0.00076189,-0.33117609,-0.01608747,0.00505701,-0.00913109,-0.
00026701,0.00333159,0.00016455,-0.00043695,-0.00242079,0.00015206,0.00024022,0.0
0018938,-0.00005084,-0.00000942,-0.00024917,-0.00062037,0.00000350,-0.00004180,0
.00139996,0.00080416,-0.00017551,0.35280111,0.00100350,-0.00043177,0.00115091,0.
00004577,0.00258781,-0.00740831,0.02859732,-0.00093576,-0.00408610,-0.02161350,-
0.04479609,-0.00951295,-0.02713120,-0.00306301,-0.00006982,0.00002946,-0.0017368
8,-0.00499092,-0.00003374,0.00096862,-0.00125048,0.00003554,0.00023813,0.0009878
6,-0.00001901,-0.00012571,-0.00010990,0.00051394,-0.00176416,0.00387406,0.018479
65,0.05032844,-0.00117992,-0.00070339,-0.00151936,0.00137418,-0.00812350,0.00523
693,0.02030654,0.00268789,0.00280247,0.00467046,-0.01518423,-0.04939817,-0.01867
258,-0.00018766,0.00400448,-0.00187149,-0.00224826,-0.00118634,0.00019827,-0.000
40373,0.00097649,0.00005265,0.00001308,-0.00100131,0.00190652,-0.00009221,0.0004
5540,0.00010773,0.00317335,-0.00396085,-0.00634885,0.02088644,0.04257315,0.00106
490,-0.00072682,0.00007538,-0.00140497,-0.00005180,-0.00032569,-0.00013025,-0.00
298191,-0.00151209,0.00955512,-0.00278732,-0.01302043,-0.12696131,0.02008949,0.1
1678620,-0.01085260,0.00770150,0.02832572,-0.00224125,-0.00532221,0.00060012,0.0
0002502,0.00008949,0.00016879,0.00015125,0.00010591,-0.00007411,0.00033931,-0.00
107309,0.00041718,0.00050006,0.00071789,0.00005314,0.13156444,-0.00089559,-0.000
24756,0.00007180,0.00166346,0.00076311,0.00000218,-0.00479601,0.00111294,-0.0014
3422,0.01051663,-0.00948305,-0.02301368,0.02843480,-0.05121153,-0.05715482,-0.01
488417,0.00364807,0.01475330,-0.00474187,0.00408544,-0.00238183,-0.00000958,0.00
016351,-0.00031178,0.00006114,-0.00003273,0.00029126,0.00035236,-0.00095651,0.00
015123,-0.00015394,0.00001403,0.00074047,-0.01826256,0.05567778,0.00051103,-0.00
014649,0.00026230,-0.00133035,0.00034762,-0.00020734,-0.00167084,-0.00230833,-0.
00157244,0.01264399,-0.00179165,-0.01121120,0.11870320,-0.06001263,-0.24606240,0
.00221044,-0.00289714,-0.00213602,0.00214568,-0.00228226,0.00264680,0.00007880,-
0.00001422,0.00026503,0.00009606,0.00001017,-0.00015563,0.00053092,-0.00117236,0
.00032652,-0.00061326,0.00030625,0.00011655,-0.13156768,0.06703954,0.25712831,-0
.00055976,-0.00191107,0.00061594,0.00201461,0.00075580,0.00027794,-0.00250720,0.
00077194,0.00011510,-0.00074139,-0.00560637,0.00324618,-0.00716135,-0.01969947,-
0.02121190,-0.09932441,-0.07549967,-0.07135822,0.00594789,0.00956272,0.01526654,
-0.00013450,0.00024763,-0.00032373,0.00013326,-0.00001934,0.00020460,0.00012871,
0.00030558,-0.00081762,-0.00041132,-0.00046309,-0.00074895,-0.00077039,0.0024964
5,-0.00143036,0.10305038,0.00036504,0.00142599,0.00039598,-0.00212146,-0.0001864
5,-0.00078401,0.00262257,-0.00010288,0.00053769,-0.00728921,0.00858019,-0.001672
52,-0.00579140,-0.00621837,-0.01336046,-0.07791242,-0.14472292,-0.12311139,-0.00
122326,0.00086534,-0.00107890,0.00029307,-0.00013667,0.00020293,0.00003213,0.000
05282,-0.00028419,0.00002398,-0.00051281,0.00090223,-0.00044715,-0.00151049,-0.0
0053160,0.00224943,-0.00349701,0.00313554,0.08856386,0.14486742,0.00028435,-0.00
007835,-0.00095308,0.00127340,-0.00032675,0.00072312,-0.00099224,0.00059898,-0.0
0026430,0.00318562,-0.00358228,0.00133453,0.00883745,0.00785953,0.00667566,-0.07
617723,-0.12732048,-0.18865707,-0.01207822,-0.01331432,-0.01343882,0.00013460,-0
.00037491,-0.00038084,-0.00007613,-0.00012608,0.00026748,-0.00010203,0.00022997,
-0.00042992,0.00037549,0.00033894,0.00055351,-0.00168455,0.00206740,-0.00016215,
0.07549339,0.13436668,0.19619639,0.01101098,0.01213283,-0.00112777,-0.00093582,0
.00232112,-0.00015474,-0.00035122,0.00010854,0.00028302,0.00047205,-0.00002735,0
.00024317,-0.00049288,0.00063352,0.00333111,-0.01446969,-0.01007702,-0.00122815,
-0.21562679,-0.13191476,0.01195866,0.00119800,-0.00065044,-0.00003642,0.00029379
,0.00046006,0.00034773,0.00003493,-0.00005501,-0.00003842,-0.00003465,-0.0000284
1,0.00001357,-0.00072305,-0.00031558,0.00019882,0.00112604,0.00027035,-0.0002121
7,0.23458010,-0.02895477,-0.02270786,0.00105997,0.00381623,-0.00552118,0.0008228
3,0.00084963,0.00026451,0.00010953,0.00008618,-0.00004555,-0.00022739,0.00069026
,0.00023402,-0.00122448,0.00838058,0.00427301,-0.00148391,-0.13049867,-0.1536338
3,0.01281772,0.00009514,0.00177648,0.00003095,-0.00090567,-0.00120686,-0.0006335
8,-0.00007053,0.00000107,-0.00000536,-0.00004533,0.00006039,-0.00000094,0.000258
82,0.00016359,-0.00018560,-0.00007457,0.00088380,0.00056079,0.14097867,0.1717844
6,-0.00134026,-0.00069949,-0.00193616,-0.00028368,-0.00028785,0.00037524,-0.0000
9157,-0.00017574,0.00029586,-0.00046506,-0.00073378,-0.00021735,0.00149385,-0.00
155132,-0.00582290,0.02765681,0.02123850,-0.00343637,0.01016447,0.01150595,-0.05
326996,-0.00005804,0.00011639,0.00058381,-0.00001250,-0.00013589,0.00034046,0.00
000132,-0.00001582,0.00005795,0.00001494,0.00003958,0.00006821,0.00156167,0.0000
4975,-0.00001314,-0.00069819,0.00010420,0.00154845,-0.01714339,-0.01070881,0.057
94816,-0.00966863,0.00733274,-0.00772344,-0.00144478,-0.00319348,0.00134472,0.00
254149,-0.00049065,-0.00198886,0.00025622,0.00260942,0.00004622,0.00051006,-0.00
077398,0.00184935,0.00940474,-0.00226796,0.01629194,-0.14914197,0.01906087,-0.12
325970,0.00029307,0.00154114,-0.00088365,-0.00012902,-0.00009814,0.00032402,0.00
000972,-0.00024757,0.00003633,-0.00010429,-0.00013413,0.00013872,-0.00011628,0.0
0053447,-0.00050645,-0.00079058,0.00036447,0.00173826,-0.01608182,0.00539405,-0.
02080039,0.16446205,0.02422113,-0.01361610,0.02333553,0.00237127,0.00086911,0.00
055063,-0.00017577,0.00037543,-0.00024442,-0.00047175,0.00081536,0.00066588,-0.0
0159125,-0.00067750,0.00125165,-0.00291487,0.00094892,-0.00838058,0.02089262,-0.
05317987,0.03332721,0.00061342,-0.00348458,0.00103969,0.00006687,0.00058819,-0.0
0122510,-0.00004180,0.00007673,-0.00007897,-0.00006490,0.00016646,-0.00002574,-0
.00000683,-0.00020008,-0.00002844,0.00056960,0.00021205,-0.00089913,-0.01383652,
0.00367392,-0.01874565,-0.02963123,0.06343196,0.00071774,-0.00034077,0.00309318,
-0.00029215,-0.00007828,0.00106364,0.00141988,0.00060449,-0.00109101,0.00014240,
0.00237948,0.00075433,-0.00252891,-0.00251721,0.00065541,-0.01272739,0.00025068,
-0.03054521,-0.12558055,0.03163040,-0.19855668,0.00040087,-0.00036791,-0.0003999
9,0.00009800,-0.00003439,-0.00000072,-0.00008579,-0.00020391,0.00025455,-0.00008
760,-0.00015556,0.00027883,0.00019633,-0.00087058,0.00077482,0.00136927,0.001177
83,-0.00301296,0.00356497,-0.00093171,0.00347772,0.13339293,-0.03054257,0.223254
10\\-0.00003735,-0.00002180,-0.00001820,0.00015803,-0.00001316,-0.00003252,-0.00
015588,0.00005581,0.00008222,0.00000317,-0.00016173,-0.00008948,0.00005341,0.000
12994,0.00008042,-0.00004336,-0.00001359,-0.00001172,0.00000662,0.00000902,-0.00
000530,0.00000328,0.00000157,-0.00000737,-0.00002006,0.00000303,0.00002877,0.000
01930,0.00000775,-0.00002894,-0.00000049,0.00003482,-0.00000758,0.00000732,-0.00
003443,-0.00000079,-0.00000123,0.00000773,-0.00000251,0.00000331,-0.00000555,0.0
0001010,0.00000392,0.00000058,0.00000290\\\@
