1\1\GINC-BS001\Freq\RMP2-FC\3-21G\C1H2O2\PNATT\18-Aug-2026\0\\#N Geom=AllCheck G
uess=TCheck SCRF=Check GenChk RMP2(FC)/3-21G Freq\\Formic acid HCOOH - size2to5_
Cs\\0,1\O,-0.7717404274,-1.6489824389,-0.700881166\C,-1.032183786,-0.3748753048,
-1.1866466823\O,-2.0821193282,0.2495720288,-1.0139293973\H,-1.5713891523,-1.9645
856832,-0.1956515221\H,-0.1542959556,-0.0369942301,-1.7372464454\\Version=ES64L-
G16RevC.01\State=1-A'\HF=-187.6954064\MP2=-188.035459\RMSD=3.043e-10\RMSF=5.845e
-05\ZeroPoint=0.0332075\Thermal=0.0363909\ETot=-187.9990681\HTot=-187.9981239\GT
ot=-188.0264121\Dipole=0.1615385,-0.3650271,0.1004543\DipoleDeriv=-0.3145216,0.0
639583,-0.1054901,0.156838,-1.1366749,0.2386226,-0.1493577,0.2799918,-0.5492578,
0.7648754,-0.2461654,-0.0969064,-0.1420985,1.3859441,-0.4560892,-0.1460578,-0.40
97372,0.5448506,-0.5080541,0.2434368,-0.0307683,-0.0168562,-0.6099791,0.1449417,
0.0921696,0.0290056,-0.3737468,0.1367812,-0.0192944,0.1294599,0.019703,0.3447568
,0.0206115,0.1110412,0.0379811,0.3395805,-0.079081,-0.0419354,0.1037049,-0.01758
62,0.0159531,0.0519135,0.0922047,0.0627587,0.0385735\Polar=16.0173518,-2.7594427
,16.8834013,-3.3227339,-4.0853912,9.0407622\PG=CS [SG(C1H2O2)]\NImag=0\\0.392095
22,0.03544970,0.36932596,-0.17455464,-0.17237794,0.19694862,-0.10782989,0.036074
06,0.00665670,0.85063596,-0.01569386,-0.23148470,0.09051878,-0.15207376,0.574192
92,0.03110700,0.06746104,-0.10034942,-0.22275885,-0.11407522,0.34234887,-0.00490
142,0.03700334,-0.00367416,-0.52271504,0.23294330,0.09151387,0.55789593,0.067679
59,-0.04259456,0.00229416,0.23275265,-0.23356641,-0.02653009,-0.30109071,0.25675
996,-0.01816274,0.01595755,0.02664066,0.09160391,-0.02661500,-0.09847204,-0.0939
7358,0.02589137,0.05726461,-0.28347408,-0.11365754,0.17186432,0.00345620,0.00837
061,-0.00455771,-0.00280409,0.00010713,-0.00121331,0.27972637,-0.06209901,-0.072
75440,0.05345589,-0.04762072,-0.02695709,0.03493423,0.00236070,0.00750621,-0.007
15402,0.10365525,0.09671151,0.14751292,0.07642036,-0.11993290,0.02188734,0.00999
535,-0.01236997,-0.00227768,-0.00615027,-0.00149524,-0.16732851,-0.08525015,0.12
875870,0.00411017,0.00513044,-0.00029222,-0.22354721,-0.07354629,0.10469569,-0.0
2747538,0.00055135,0.02174572,0.00309560,0.00370379,0.00020594,0.24381682,-0.025
33643,-0.02249230,0.02610911,-0.06913222,-0.08218472,0.03821004,0.02878339,0.011
89480,-0.00807990,0.00152455,-0.00450623,0.00498470,0.06416072,0.09728845,0.0140
9746,0.01253899,-0.00330696,0.10261090,0.04017609,-0.13115744,0.00841155,0.00449
482,0.01606201,0.00123521,0.00401405,0.00503942,-0.12635513,-0.06122396,0.113362
97\\0.00007167,-0.00003130,-0.00001714,0.00005242,-0.00010372,0.00002564,-0.0000
9375,0.00006997,0.00000871,0.00000507,0.00010259,-0.00005071,-0.00003541,-0.0000
3755,0.00003351\\\@
