1\1\GINC-BS001\Freq\RMP2-FC\3-21G\C6H4F2\PNATT\18-Aug-2026\0\\#N Geom=AllCheck G
uess=TCheck SCRF=Check GenChk RMP2(FC)/3-21G Freq\\1,2-Difluorobenzene - size6to
10_C2v\\0,1\F,-2.4463547583,-1.3091653631,1.0737101666\C,-1.349946303,-0.5253069
608,0.7733521106\C,-0.4805282643,-0.8915426343,-0.2521612369\C,0.6327192558,-0.0
864897505,-0.5498347372\C,0.8644712918,1.085944575,0.1891091427\C,-0.0182613117,
1.4470674263,1.2217819547\C,-1.1190839444,0.6426264845,1.5094592449\F,-1.9921930
071,0.9884404567,2.5218098358\H,-0.6840863054,-1.8015537301,-0.8057294062\H,1.30
8020583,-0.3745238389,-1.3492240178\H,1.7209867073,1.7146731665,-0.0324770517\H,
0.1357619607,2.3460613926,1.8083656816\\Version=ES64L-G16RevC.01\State=1-A1\HF=-
426.053541\MP2=-426.8076656\RMSD=5.928e-10\RMSF=1.148e-04\ZeroPoint=0.0847777\Th
ermal=0.0906889\ETot=-426.7169767\HTot=-426.7160325\GTot=-426.7523602\Dipole=0.8
8814,0.197533,-0.5919567\DipoleDeriv=-0.62696,-0.3311397,0.1439131,-0.3444824,-0
.4087509,0.0793337,0.1332783,0.0680753,-0.2018032,0.647442,0.333272,-0.144646,0.
4421096,0.4268368,-0.1613224,-0.0578966,-0.0694866,0.1546714,-0.1183727,0.022034
4,-0.0492199,0.0622499,-0.0533829,0.0623584,-0.017166,0.0962917,-0.1062847,-0.04
61578,0.0212564,-0.073682,-0.0411568,-0.0714462,0.1001766,-0.1234287,0.0475131,-
0.0115418,-0.0024668,0.0742184,-0.0683343,0.1366316,-0.0222858,-0.0106555,-0.018
5876,0.042008,-0.1043933,-0.1165568,0.0670451,-0.0148762,0.0268297,-0.0513397,0.
0938741,-0.04693,0.0599408,-0.1101438,0.4362958,-0.1154658,-0.3241517,-0.2243034
,0.1892586,0.2116258,-0.4109012,0.11979,0.6033958,-0.4602218,0.0958242,0.3435348
,0.1091669,-0.22114,-0.1539137,0.3541697,-0.1426553,-0.5561522,0.1088313,-0.0530
705,0.0187416,-0.0510154,0.0351162,-0.0733696,0.0203796,-0.0716355,0.1068803,0.0
465298,-0.0018753,0.0877577,0.0015642,0.0843558,-0.0554797,0.0904992,-0.0525774,
0.0340367,0.0147,-0.0824891,0.0503618,-0.0859286,0.0485414,-0.0102003,0.0476203,
-0.0131026,0.1016809,0.1169371,-0.0296102,0.0306011,-0.0316653,0.0442368,-0.0824
273,0.0289631,-0.0841614,0.0896539\Polar=52.124534,14.8625555,51.910574,-19.4046
425,16.8086897,44.8588824\PG=C02V [SGV(C6H4F2)]\NImag=0\\0.27965383,0.17519858,0
.16837213,-0.07603632,-0.03279424,0.06206522,-0.23557355,-0.13550776,0.05650227,
0.54288497,-0.13575079,-0.15152709,0.02613648,0.16993813,0.53830359,0.05630856,0
.02593141,-0.06745194,-0.20292130,0.17258715,0.45065382,-0.03015108,0.00286253,0
.03204688,-0.17380051,-0.00527285,0.09230533,0.49796964,-0.02784980,0.00573968,0
.02398943,0.03947269,-0.12757247,-0.08762327,0.16779994,0.58256247,0.00756751,-0
.00192524,-0.00279513,0.12796994,-0.04986756,-0.20715213,-0.18031683,0.22250560,
0.45526189,0.00332667,-0.00309056,0.00220162,-0.04086587,0.01364668,0.04241704,-
0.22028627,-0.11935738,0.04627832,0.52243913,0.00151050,-0.00007592,-0.00839318,
-0.01090458,0.04153928,0.04508943,-0.08778780,-0.16702223,-0.01705188,0.12384686
,0.49834655,0.00586891,-0.00451086,0.00030776,0.02284836,0.02437339,-0.00333915,
0.07144097,0.00958613,-0.10533388,-0.23957625,0.19584918,0.47977555,-0.00137258,
-0.00065092,-0.00052853,-0.00365475,0.00878248,0.01162179,0.00179632,-0.02853927
,-0.02323986,-0.11163895,-0.06248191,0.00054791,0.55216533,0.00011959,0.00134851
,0.00207712,0.00853996,-0.02864344,-0.03148895,-0.04685686,-0.03656306,0.0094279
6,-0.03174517,-0.23365400,-0.11802714,0.20234508,0.53179398,0.00008561,0.0027272
6,0.00071746,0.01142849,-0.03169358,-0.03308215,-0.03783996,-0.00602818,0.028336
71,0.02504675,-0.09209187,-0.14650457,-0.20209154,0.15627279,0.41660192,0.004407
49,0.00312395,0.00511372,0.00348467,-0.04760653,-0.04388234,-0.03614835,-0.01081
516,0.02538588,0.02949399,0.04460217,0.01168688,-0.17854511,-0.00913119,0.098913
87,0.49615317,-0.00217517,-0.00018482,-0.00430339,-0.02242504,-0.03269244,-0.004
30463,-0.00886025,-0.00245662,0.00220758,0.02628459,-0.00539811,-0.02744771,0.02
243839,-0.12005578,-0.07262454,0.16300318,0.58051861,0.00089004,-0.00877472,-0.0
0022792,-0.02381133,0.01694320,0.03004444,0.02694406,0.00385711,-0.01550727,-0.0
0291322,-0.04290385,-0.03052591,0.12407653,-0.04598653,-0.19404149,-0.18260739,0
.22492398,0.45912222,-0.02345997,-0.04433710,-0.01080112,-0.09102890,-0.01251757
,0.01554448,0.03147808,0.02631589,-0.00858267,-0.01773996,-0.02841244,-0.0061396
5,-0.04159655,0.01171718,0.04149565,-0.22290171,-0.13493477,0.03038877,0.5343582
9,-0.01422227,-0.02541567,-0.01273713,-0.06387782,-0.22848731,-0.07977060,0.0514
9739,-0.00119472,-0.04157404,-0.02865496,-0.04449188,-0.01273642,-0.01283409,0.0
4071713,0.04606223,-0.09018923,-0.18282032,-0.02225172,0.14742167,0.52870951,0.0
1320203,0.01267338,0.00458242,-0.02539241,-0.12310772,-0.13748004,0.01148834,-0.
02032621,-0.02944670,-0.00633294,-0.01294105,-0.00314850,0.02192698,0.02534619,-
0.00178632,0.06605337,0.01550400,-0.10280307,-0.21367342,0.18393925,0.46877457,0
.00490464,0.00299693,-0.00472450,-0.00791992,-0.00330036,0.00879488,0.00206384,-
0.00306496,0.00215838,-0.00066319,0.00122238,0.00036602,0.00144926,-0.00804826,-
0.00016580,-0.02555010,0.01501236,0.03784871,-0.16956572,0.03879963,0.13973807,0
.19529154,0.00302845,0.00290040,0.00256639,0.02681447,-0.00793026,-0.03342659,-0
.00836408,-0.00282186,-0.00118313,0.00199289,0.00214671,0.00113266,-0.00344719,-
0.00218835,-0.00589366,-0.01569996,0.01091662,0.01786385,0.03855659,-0.07725618,
-0.06174395,-0.04757757,0.07344909,-0.00469937,0.00259299,0.00250656,0.03279802,
-0.00801608,-0.02844304,-0.00206530,-0.00565446,0.00475277,0.00098015,0.00178280
,-0.00079014,0.00350149,-0.00201134,0.00429760,0.01336934,-0.00805081,-0.0125730
5,0.13954436,-0.06194902,-0.20773067,-0.18241708,0.07952265,0.24135055,0.0002052
9,0.00047627,-0.00360968,0.00694482,0.01947033,0.01314807,-0.06120735,-0.0507625
7,-0.01753292,-0.00051280,-0.02124402,-0.01605986,-0.00155568,-0.00463280,0.0039
1574,-0.00155800,0.00051980,0.00028618,-0.00071921,-0.00186467,0.00510976,0.0000
8101,0.00127386,0.00078599,0.05898451,0.00116266,-0.00043456,0.00227731,-0.00476
033,-0.00440918,-0.00279352,-0.04927017,-0.25565034,-0.13506572,0.00078112,-0.00
988439,-0.00895320,-0.00431238,0.00160413,-0.00102967,0.00050086,0.00015706,0.00
106540,-0.00158105,0.00255669,-0.00228553,0.00011661,-0.00017744,-0.00008775,0.0
5640590,0.26729927,-0.00306259,0.00285648,0.00033839,-0.00616507,-0.02323905,-0.
00918569,-0.01634341,-0.13380646,-0.12689572,0.00149537,0.00963134,0.00693647,0.
00417113,-0.00075931,0.00333644,0.00027109,0.00104943,-0.00110214,0.00533581,-0.
00204622,0.00096468,-0.00013640,-0.00106422,-0.00092394,0.01615795,0.14564896,0.
12730818,-0.00112090,0.00012759,0.00110995,0.00068465,-0.00486704,0.00238083,-0.
01326300,0.00880017,0.01809460,-0.16285990,0.03901017,0.14181151,0.00650633,-0.0
0295713,-0.00803109,0.00280019,-0.00344084,0.00145561,-0.00045035,-0.00072994,-0
.00087281,-0.00022868,0.00046205,-0.00028777,-0.00062660,0.00086808,-0.00167447,
0.16865570,-0.00098265,0.00023849,0.00096024,-0.00473198,0.00022171,-0.00228960,
-0.01363615,0.00647998,0.01677553,0.03878871,-0.07297200,-0.06567007,0.01985390,
-0.00378815,-0.01959788,-0.00330975,-0.00200274,-0.00500109,-0.00097828,-0.00137
479,0.00036352,0.00045890,-0.00002740,0.00039293,0.00132945,-0.00039932,0.001294
70,-0.03850665,0.07421968,0.00022503,0.00002344,-0.00009718,0.00248848,-0.002175
64,0.00426987,0.00021164,-0.00215596,-0.00202826,0.14163499,-0.06585694,-0.20364
530,0.01015053,-0.00035023,-0.00906227,0.00156009,-0.00489048,0.00256118,-0.0010
7075,0.00015398,0.00023097,-0.00029028,0.00039027,-0.00045018,-0.00130673,0.0016
8400,-0.00098623,-0.15247812,0.07226191,0.21057853,-0.00032757,0.00019775,-0.000
41499,0.00028824,0.00097213,-0.00013938,0.00321910,-0.00220352,0.00208834,-0.000
43996,0.00151077,0.00139126,-0.23030239,-0.13930720,0.05659008,-0.01247539,-0.01
155631,0.00120481,0.00224383,-0.00061462,0.00445462,-0.00093658,-0.00049591,0.00
045746,-0.00002747,-0.00004310,0.00019889,-0.00041332,0.00085092,-0.00175673,0.2
3973240,0.00020091,-0.00013867,0.00052194,0.00122047,-0.00054374,-0.00082936,-0.
00233461,-0.00153138,-0.00544821,-0.02130026,-0.01160400,0.00889781,-0.13908574,
-0.14885717,0.02393354,0.01088001,0.00736618,-0.00320455,-0.00074968,0.00197608,
-0.00425149,0.00061432,0.00044588,-0.00022196,-0.00111569,-0.00049207,0.00035076
,0.00144254,-0.00048972,0.00102201,0.14918613,0.15419400,-0.00041248,0.00052460,
-0.00024002,0.00005856,-0.00061981,-0.00133867,0.00198386,-0.00555882,0.00167091
,-0.01679036,-0.01034984,0.00569987,0.05676660,0.02412041,-0.06031764,0.01908777
,0.01572693,-0.00370207,0.00434697,-0.00436545,0.00095631,0.00134238,0.00071484,
-0.00048890,-0.00065602,-0.00055427,0.00036071,-0.00128518,0.00152121,-0.0010021
7,-0.06285047,-0.02236702,0.05952752,-0.00049227,-0.00139726,-0.00085931,-0.0014
4385,-0.00349461,0.00442204,-0.00167044,0.00020397,0.00012932,-0.00025290,-0.000
87211,0.00581394,0.00674877,0.01995680,0.01065219,-0.05916084,-0.04386595,-0.013
76277,-0.00061784,-0.02473110,-0.01570158,0.00107389,0.00345640,-0.00196728,-0.0
0000851,0.00013179,-0.00024831,0.00031588,0.00086359,0.00063185,-0.00056089,0.00
104159,-0.00159161,0.05606900,-0.00024001,-0.00082248,-0.00030097,-0.00377822,0.
00174134,-0.00108146,0.00022290,0.00003056,0.00119912,-0.00119252,0.00307000,-0.
00249379,-0.00206835,-0.00171380,-0.00003645,-0.04535834,-0.25334765,-0.13653110
,-0.00050043,-0.01291856,-0.01317040,0.00277001,0.00054278,0.00170005,0.00014413
,-0.00016984,0.00008358,-0.00020900,-0.00010574,-0.00010636,0.00150296,-0.000325
39,0.00120722,0.04870688,0.26401878,0.00006308,0.00067549,0.00029439,0.00419599,
-0.00132077,0.00250467,0.00014441,0.00121509,-0.00086321,0.00555855,-0.00276415,
0.00056779,-0.00690303,-0.01862098,-0.00849569,-0.01495228,-0.13779036,-0.131244
91,0.00361157,0.00727512,0.00688634,-0.00251437,0.00112088,-0.00150756,-0.000238
47,0.00009399,-0.00015115,-0.00022306,-0.00101140,-0.00036897,-0.00122388,0.0015
9651,-0.00112587,0.01248150,0.14953057,0.13350417\\-0.00006048,-0.00006363,0.000
00031,0.00000740,0.00011021,0.00008160,0.00027167,0.00019314,-0.00007529,-0.0001
6229,-0.00024161,-0.00005564,-0.00007731,0.00018832,0.00021533,0.00021679,-0.000
08450,-0.00025027,-0.00003749,-0.00011690,-0.00006154,-0.00003972,0.00004135,0.0
0006648,-0.00006375,-0.00002754,0.00003184,0.00000469,0.00001552,0.00000841,-0.0
0000129,-0.00001476,-0.00001067,-0.00005822,0.00000041,0.00004946\\\@
