1\1\GINC-BS001\Freq\RMP2-FC\3-21G\C2H4\PNATT\18-Aug-2026\0\\#N Geom=AllCheck Gue
ss=TCheck SCRF=Check GenChk RMP2(FC)/3-21G Freq\\Ethylene C2H4 - size2to5_D2h\\0
,1\C,-1.5099078787,-1.6941347169,-1.9140775882\C,-1.2788418713,-0.6876542831,-2.
7693794118\H,-0.7625532267,-2.0204553916,-1.1974154874\H,-2.4548476304,-2.228457
8865,-1.8993690389\H,-2.0261965233,-0.3613336084,-3.4860415126\H,-0.3339021196,-
0.1533311135,-2.7840879611\\Version=ES64L-G16RevC.01\State=1-AG\HF=-77.5997056\M
P2=-77.7813139\RMSD=2.276e-10\RMSF=2.099e-06\ZeroPoint=0.0521062\Thermal=0.05511
89\ETot=-77.726195\HTot=-77.7252508\GTot=-77.7500834\Dipole=0.,0.,0.\DipoleDeriv
=0.0544876,0.0825697,0.1110074,0.0825697,-0.1254186,-0.1291009,0.1110074,-0.1291
009,-0.1186837,0.0544876,0.0825697,0.1110074,0.0825697,-0.1254186,-0.1291009,0.1
110074,-0.1291009,-0.1186837,-0.007166,0.0054541,-0.0902276,0.0018991,0.0734585,
0.0771713,-0.0867705,0.0790708,0.0285148,-0.0473216,-0.0880238,-0.0207797,-0.084
4688,0.05196,0.0519296,-0.0242368,0.0500301,0.0901689,-0.007166,0.0054541,-0.090
2276,0.0018991,0.0734585,0.0771713,-0.0867705,0.0790708,0.0285148,-0.0473216,-0.
0880238,-0.0207797,-0.0844688,0.0519601,0.0519296,-0.0242368,0.0500301,0.0901689
\Polar=17.612579,4.1646274,18.2452959,2.2209436,-9.8030573,16.5962011\PG=D02H [C
2"(C1.C1),SG(H4)]\NImag=0\\0.59124863,0.15123114,0.53424960,0.10848144,-0.328861
84,0.49075140,-0.12590777,-0.07182553,0.02767683,0.59124863,-0.07182553,-0.32641
593,0.23335984,0.15123114,0.53424960,0.02767683,0.23335984,-0.25912910,0.1084814
4,-0.32886184,0.49075140,-0.19718601,0.05336055,-0.13691685,0.00828894,-0.005862
73,0.00742734,0.20106814,0.04895270,-0.07583369,0.06289238,0.02019274,-0.0046477
7,0.02022848,-0.05526658,0.07357330,-0.13263038,0.06524759,-0.17237560,-0.017910
65,0.00630649,-0.01064428,0.14759277,-0.07634935,0.17853713,-0.27578795,-0.12706
555,-0.00345777,-0.00065585,0.00016211,-0.00321099,-0.01457155,-0.01170208,0.002
15540,0.28806772,-0.12265770,-0.11791558,0.01212044,-0.02589336,-0.00943663,0.00
026070,0.00944395,0.00687826,0.00097542,0.13955701,0.12015111,-0.00774424,0.0097
6523,-0.05169177,0.02212700,0.01418268,0.00308937,-0.01840834,-0.01032334,0.0028
9543,0.00461968,-0.01754623,0.04495974,0.00828894,-0.00586273,0.00742734,-0.1971
8601,0.05336055,-0.13691685,0.00232313,-0.00430421,-0.00195027,0.00007734,0.0026
2902,0.00225535,0.20106814,0.02019274,-0.00464777,0.02022848,0.04895270,-0.07583
369,0.06289238,-0.00430421,0.00312845,0.00808446,0.00212742,-0.00309855,-0.00453
262,-0.05526658,0.07357330,-0.01791065,0.00630649,-0.01064428,-0.13263038,0.0652
4759,-0.17237560,-0.00195027,0.00808446,0.00490287,0.00274314,-0.00426461,-0.003
31554,0.14759277,-0.07634935,0.17853713,-0.00065585,0.00016211,-0.00321099,-0.27
578795,-0.12706555,-0.00345777,0.00007734,0.00212742,0.00274314,0.00287029,-0.00
307892,-0.00284945,-0.01457155,-0.01170208,0.00215540,0.28806772,-0.02589336,-0.
00943663,0.00026070,-0.12265770,-0.11791558,0.01212044,0.00262902,-0.00309855,-0
.00426461,-0.00307892,0.00342138,0.00845428,0.00944395,0.00687826,0.00097542,0.1
3955702,0.12015111,0.02212700,0.01418268,0.00308937,-0.00774424,0.00976523,-0.05
169177,0.00225535,-0.00453262,-0.00331554,-0.00284945,0.00845428,0.00406278,-0.0
1840834,-0.01032334,0.00289543,0.00461968,-0.01754623,0.04495974\\0.00000102,0.0
0000443,-0.00000376,-0.00000102,-0.00000443,0.00000376,0.00000107,-0.00000047,0.
00000103,-0.00000136,-0.00000077,0.00000002,-0.00000107,0.00000047,-0.00000103,0
.00000136,0.00000077,-0.00000002\\\@
