1\1\GINC-BS001\Freq\RMP2-FC\3-21G*\Cl2F2Xe1\PNATT\18-Aug-2026\0\\#N Geom=AllChec
k Guess=TCheck SCRF=Check GenChk RMP2(FC)/3-21G* Freq\\trans-XeF2Cl2 - size1_D2h
 (hypothetical test compound)\\0,1\Xe,0.,0.,0.\F,1.9749545049,0.,0.\F,-1.9749545
049,0.,0.\Cl,0.,2.5408385561,0.\Cl,0.,-2.5408385561,0.\\Version=ES64L-G16RevC.01
\State=1-AG\HF=-8313.0950767\MP2=-8313.7728681\RMSD=2.348e-10\RMSF=1.477e-05\Zer
oPoint=0.0058468\Thermal=0.0130962\ETot=-8313.7597718\HTot=-8313.7588276\GTot=-8
313.7999069\Dipole=0.,0.,0.\DipoleDeriv=2.0754336,0.,0.,0.,2.359941,0.,0.,0.,1.0
542246,-0.8371203,0.,0.,0.,-0.2153899,0.,0.,0.,-0.2913519,-0.8371203,0.,0.,0.,-0
.2153899,0.,0.,0.,-0.2913519,-0.2005965,0.,0.,0.,-0.9645806,0.,0.,0.,-0.2357604,
-0.2005965,0.,0.,0.,-0.9645806,0.,0.,0.,-0.2357604\Polar=48.5318322,0.,122.86785
35,0.,0.,22.5413427\PG=D02H [O(Xe1),C2'(F1.F1),C2"(Cl1.Cl1)]\NImag=0\\0.52784522
,0.,0.23429135,0.,0.,0.10164175,-0.25473696,0.,0.,0.23904100,0.,-0.02392378,0.,0
.,0.01744055,0.,0.,-0.03567473,0.,0.,0.01561399,-0.25473696,0.,0.,0.01354499,0.,
0.,0.23904100,0.,-0.02392378,0.,0.,0.00475166,0.,0.,0.01744055,0.,0.,-0.03567474
,0.,0.,0.01560316,0.,0.,0.01561399,-0.00918565,0.,0.,0.00107549,0.00492723,0.,0.
00107549,-0.00492723,0.,0.00734743,0.,-0.09322190,0.,0.00207960,0.00086578,0.,-0
.00207960,0.00086578,0.,0.,0.07896362,0.,0.,-0.01514615,0.,0.,0.00222879,0.,0.,0
.00222879,0.,0.,0.00534449,-0.00918565,0.,0.,0.00107549,-0.00492723,0.,0.0010754
9,0.00492723,0.,-0.00031275,0.,0.,0.00734743,0.,-0.09322190,0.,-0.00207960,0.000
86578,0.,0.00207960,0.00086578,0.,0.,0.01252672,0.,0.,0.07896362,0.,0.,-0.015146
15,0.,0.,0.00222879,0.,0.,0.00222879,0.,0.,0.00534407,0.,0.,0.00534449\\0.,0.,0.
,0.00004040,0.,0.,-0.00004040,0.,0.,0.,0.00000216,0.,0.,-0.00000216,0.\\\@
